1,5.56
2,5.62
3,5.53
4,5.47
5,5.27
6,45.32
7,5.83
8,5.38
9,5.24
10,5.89
11,5.71
12,5.29
13,5.23
14,5.23
15,5.22
16,5.28
17,5.40
18,5.28
19,5.24
20,5.22
21,5.23
22,5.25
23,5.25
24,5.22
25,5.23
26,5.24
27,5.22
28,5.26
29,5.25
30,5.27
31,5.25
32,5.24
33,5.25
34,5.27
35,5.22
36,5.25
37,5.24
38,5.29
39,5.31
40,5.34
41,5.23
42,5.22
43,5.26
44,5.23
45,5.23
46,5.26
47,5.21
48,5.22
49,5.26
50,5.28
51,5.28
52,5.25
53,5.24
54,5.23
55,5.24
56,5.20
57,5.23
58,5.21
59,5.22
60,5.20
61,5.20
62,5.23
63,5.24
64,5.21
65,5.22
66,5.22
67,5.23
68,5.31
69,5.34
70,5.30
71,5.29
72,5.31
73,5.32
74,5.41
75,5.31
76,5.27
77,5.27
78,5.28
79,5.29
80,5.29
81,5.29
82,5.30
83,5.27
84,5.28
85,5.30
86,5.34
87,5.29
88,5.31
89,5.30
90,5.32
91,5.34
92,5.35
93,5.32
94,5.40
95,5.35
96,5.39
97,5.36
98,5.34
99,5.34
100,5.34
101,5.34
102,5.45
103,5.47
104,5.36
105,5.34
106,5.38
107,5.43
108,5.47
109,5.38
110,5.36
111,5.37
112,5.39
113,5.38
114,5.39
115,5.40
116,5.38
117,5.37
118,5.36
119,5.41
120,5.39
121,5.41
122,5.39
123,5.39
124,5.38
125,5.40
126,5.40
127,5.40
128,5.39
129,5.39
130,5.42
131,5.38
132,5.41
133,5.45
134,5.40
135,5.40
136,5.42
137,5.43
138,5.43
139,5.45
140,5.44
141,5.48
142,5.49
143,5.43
144,5.44
145,5.42
146,5.44
147,5.43
148,5.43
149,5.44
150,5.47
151,5.45
152,5.51
153,6.34
154,5.55
155,5.42
156,5.44
157,5.44
158,5.52
159,5.52
160,5.51
161,5.57
162,5.54
163,5.57
164,5.56
165,5.56
166,5.56
167,5.53
168,5.56
169,5.57
170,5.56
171,5.73
