1,1,0.124
1,101,9.322
1,201,9.296
1,301,9.295
1,401,9.297
1,501,9.292
1,601,9.294
1,701,9.292
1,801,9.289
1,901,9.293
1,1001,9.291
1,1101,9.291
2,1,0.093
2,101,9.295
2,201,9.286
2,301,9.292
2,401,9.292
2,501,9.295
2,601,9.294
2,701,9.290
2,801,9.292
2,901,9.295
2,1001,9.289
2,1101,9.297
3,1,0.093
3,101,9.289
3,201,9.293
3,301,9.289
3,401,9.291
3,501,9.293
3,601,9.293
3,701,9.294
3,801,9.292
3,901,9.293
3,1001,9.296
3,1101,9.290
4,1,0.093
4,101,9.291
4,201,9.295
4,301,9.287
4,401,9.290
4,501,9.291
4,601,9.298
4,701,9.294
4,801,9.288
4,901,9.293
4,1001,9.295
4,1101,9.288
5,1,0.093
5,101,9.289
5,201,9.287
5,301,9.289
5,401,9.292
5,501,9.296
5,601,9.293
5,701,9.286
5,801,9.291
5,901,9.293
5,1001,9.293
5,1101,9.291
6,1,0.093
6,101,9.285
6,201,9.285
6,301,9.292
6,401,9.289
6,501,9.286
6,601,9.299
6,701,9.289
6,801,9.289
6,901,9.296
6,1001,9.294
6,1101,9.291
7,1,0.093
7,101,9.291
7,201,9.295
7,301,9.293
7,401,9.290
7,501,9.289
7,601,9.291
7,701,9.286
7,801,9.290
7,901,9.290
7,1001,9.285
7,1101,9.287
8,1,0.093
8,101,9.287
8,201,9.287
8,301,9.287
8,401,9.290
8,501,9.285
8,601,9.286
8,701,9.294
8,801,9.290
8,901,9.289
8,1001,9.288
8,1101,9.290
9,1,0.093
9,101,9.288
9,201,9.287
9,301,9.291
9,401,9.291
9,501,9.286
9,601,9.281
9,701,9.283
9,801,9.292
9,901,9.290
9,1001,9.281
9,1101,9.281
10,1,0.093
10,101,9.279
10,201,9.284
10,301,9.282
10,401,9.287
10,501,9.290
10,601,9.289
10,701,9.285
10,801,9.285
10,901,9.280
10,1001,9.289
10,1101,9.285
11,1,0.092
11,101,9.278
11,201,9.286
11,301,9.278
11,401,9.277
11,501,9.277
11,601,9.288
11,701,9.284
11,801,9.284
11,901,9.281
11,1001,9.288
11,1101,9.281
12,1,0.093
12,101,9.275
12,201,9.283
12,301,9.274
12,401,9.279
12,501,9.284
12,601,9.283
12,701,9.272
12,801,9.281
12,901,9.278
12,1001,9.284
12,1101,9.282
13,1,0.094
13,101,9.266
13,201,9.278
13,301,9.274
13,401,9.281
13,501,9.271
13,601,9.270
13,701,9.279
13,801,9.283
13,901,9.279
13,1001,9.276
13,1101,9.270
14,1,0.093
14,101,9.271
14,201,9.266
14,301,9.252
14,401,9.276
14,501,9.268
14,601,9.276
14,701,9.278
14,801,9.280
14,901,9.269
14,1001,9.273
14,1101,9.259
15,1,0.092
15,101,9.256
15,201,9.247
15,301,9.268
15,401,9.267
15,501,9.252
15,601,9.242
15,701,9.269
15,801,9.268
15,901,9.277
15,1001,9.266
15,1101,9.261
16,1,0.093
16,101,9.223
16,201,9.251
16,301,9.256
16,401,9.261
16,501,9.237
16,601,9.243
16,701,9.244
16,801,9.265
16,901,9.263
16,1001,9.260
16,1101,9.260
17,1,0.087
17,101,9.245
17,201,9.219
17,301,9.235
17,401,9.244
17,501,9.242
17,601,9.235
17,701,9.220
17,801,9.241
17,901,9.250
17,1001,9.258
17,1101,9.235
18,1,0.092
18,101,9.218
18,201,9.208
18,301,9.196
18,401,9.224
18,501,9.240
18,601,9.212
18,701,9.242
18,801,9.231
18,901,9.236
18,1001,9.216
18,1101,9.195
19,1,0.093
19,101,9.211
19,201,9.209
19,301,9.228
19,401,9.205
19,501,9.183
19,601,9.209
19,701,9.220
19,801,9.225
19,901,9.173
19,1001,9.198
19,1101,9.189
20,1,0.094
20,101,9.178
20,201,9.191
20,301,9.180
20,401,9.176
20,501,9.148
20,601,9.138
20,701,9.148
20,801,9.214
20,901,9.206
20,1001,9.197
20,1101,9.207
21,1,0.091
21,101,9.107
21,201,9.187
21,301,9.126
21,401,9.178
21,501,9.136
21,601,9.134
21,701,9.138
21,801,9.203
21,901,9.168
21,1001,9.136
21,1101,9.169
22,1,0.089
22,101,9.133
22,201,9.091
22,301,9.114
22,401,9.108
22,501,9.103
22,601,9.130
22,701,9.146
22,801,9.133
22,901,9.149
22,1001,9.146
22,1101,9.148
23,1,0.093
23,101,9.042
23,201,9.080
23,301,9.063
23,401,9.066
23,501,9.097
23,601,9.105
23,701,9.137
23,801,9.103
23,901,9.114
23,1001,9.084
23,1101,9.135
24,1,0.088
24,101,9.050
24,201,9.062
24,301,9.037
24,401,9.032
24,501,9.074
24,601,9.095
24,701,9.055
24,801,9.024
24,901,9.084
24,1001,9.090
24,1101,9.097
25,1,0.084
25,101,9.016
25,201,9.021
25,301,9.021
25,401,9.052
25,501,9.031
25,601,9.047
25,701,9.041
25,801,8.992
25,901,9.049
25,1001,9.059
25,1101,9.019
26,1,0.092
26,101,8.975
26,201,8.929
26,301,8.979
26,401,9.013
26,501,8.985
26,601,8.994
26,701,9.014
26,801,8.989
26,901,9.039
26,1001,9.036
26,1101,9.039
27,1,0.086
27,101,8.895
27,201,8.972
27,301,8.998
27,401,8.961
27,501,8.979
27,601,8.970
27,701,8.986
27,801,8.944
27,901,9.007
27,1001,8.976
27,1101,9.010
28,1,0.092
28,101,8.922
28,201,8.927
28,301,8.903
28,401,8.928
28,501,8.897
28,601,8.931
28,701,8.929
28,801,8.956
28,901,8.995
28,1001,9.001
28,1101,8.996
29,1,0.090
29,101,8.850
29,201,8.885
29,301,8.929
29,401,8.928
29,501,8.911
29,601,8.928
29,701,8.916
29,801,8.923
29,901,8.907
29,1001,8.942
29,1101,8.946
30,1,0.088
30,101,8.878
30,201,8.935
30,301,8.885
30,401,8.841
30,501,8.874
30,601,8.819
30,701,8.907
30,801,8.903
30,901,8.881
30,1001,8.920
30,1101,8.890
31,1,0.090
31,101,8.778
31,201,8.885
31,301,8.820
31,401,8.855
31,501,8.877
31,601,8.855
31,701,8.857
31,801,8.867
31,901,8.885
31,1001,8.897
31,1101,8.892
32,1,0.092
32,101,8.763
32,201,8.744
32,301,8.833
32,401,8.825
32,501,8.833
32,601,8.817
32,701,8.869
32,801,8.869
32,901,8.803
32,1001,8.891
32,1101,8.881
33,1,0.088
33,101,8.754
33,201,8.786
33,301,8.783
33,401,8.793
33,501,8.792
33,601,8.745
33,701,8.842
33,801,8.833
33,901,8.846
33,1001,8.846
33,1101,8.860
34,1,0.088
34,101,8.739
34,201,8.733
34,301,8.793
34,401,8.712
34,501,8.790
34,601,8.803
34,701,8.809
34,801,8.791
34,901,8.778
34,1001,8.792
34,1101,8.812
35,1,0.089
35,101,8.718
35,201,8.741
35,301,8.759
35,401,8.701
35,501,8.756
35,601,8.709
35,701,8.821
35,801,8.771
35,901,8.767
35,1001,8.770
35,1101,8.748
36,1,0.091
36,101,8.667
36,201,8.688
36,301,8.690
36,401,8.726
36,501,8.754
36,601,8.700
36,701,8.714
36,801,8.757
36,901,8.697
36,1001,8.739
36,1101,8.803
37,1,0.087
37,101,8.630
37,201,8.749
37,301,8.671
37,401,8.613
37,501,8.688
37,601,8.635
37,701,8.717
37,801,8.694
37,901,8.759
37,1001,8.796
37,1101,8.734
38,1,0.085
38,101,8.670
38,201,8.617
38,301,8.707
38,401,8.636
38,501,8.729
38,601,8.591
38,701,8.662
38,801,8.705
38,901,8.673
38,1001,8.683
38,1101,8.684
39,1,0.089
39,101,8.601
39,201,8.604
39,301,8.575
39,401,8.585
39,501,8.654
39,601,8.654
39,701,8.647
39,801,8.675
39,901,8.723
39,1001,8.717
39,1101,8.613
40,1,0.086
40,101,8.458
40,201,8.615
40,301,8.576
40,401,8.627
40,501,8.581
40,601,8.614
40,701,8.663
40,801,8.643
40,901,8.648
40,1001,8.682
40,1101,8.655
41,1,0.087
41,101,8.498
41,201,8.567
41,301,8.558
41,401,8.553
41,501,8.632
41,601,8.586
41,701,8.588
41,801,8.633
41,901,8.601
41,1001,8.687
41,1101,8.617
42,1,0.083
42,101,8.424
42,201,8.435
42,301,8.585
42,401,8.552
42,501,8.541
42,601,8.641
42,701,8.628
42,801,8.501
42,901,8.563
42,1001,8.662
42,1101,8.629
43,1,0.080
43,101,8.457
43,201,8.428
43,301,8.503
43,401,8.509
43,501,8.582
43,601,8.499
43,701,8.537
43,801,8.534
43,901,8.608
43,1001,8.574
43,1101,8.576
44,1,0.078
44,101,8.340
44,201,8.477
44,301,8.475
44,401,8.487
44,501,8.439
44,601,8.472
44,701,8.498
44,801,8.601
44,901,8.603
44,1001,8.640
44,1101,8.568
45,1,0.090
45,101,8.371
45,201,8.412
45,301,8.450
45,401,8.408
45,501,8.527
45,601,8.469
45,701,8.490
45,801,8.520
45,901,8.585
45,1001,8.446
45,1101,8.474
46,1,0.090
46,101,8.401
46,201,8.376
46,301,8.319
46,401,8.484
46,501,8.491
46,601,8.495
46,701,8.416
46,801,8.430
46,901,8.511
46,1001,8.433
46,1101,8.481
47,1,0.082
47,101,8.287
47,201,8.325
47,301,8.328
47,401,8.361
47,501,8.460
47,601,8.433
47,701,8.423
47,801,8.481
47,901,8.465
47,1001,8.490
47,1101,8.474
48,1,0.077
48,101,8.228
48,201,8.309
48,301,8.323
48,401,8.295
48,501,8.450
48,601,8.446
48,701,8.341
48,801,8.469
48,901,8.426
48,1001,8.469
48,1101,8.444
49,1,0.075
49,101,8.203
49,201,8.381
49,301,8.334
49,401,8.305
49,501,8.376
49,601,8.397
49,701,8.394
49,801,8.323
49,901,8.432
49,1001,8.354
49,1101,8.381
50,1,0.087
50,101,8.216
50,201,8.279
50,301,8.247
50,401,8.313
50,501,8.266
50,601,8.271
50,701,8.357
50,801,8.366
50,901,8.369
50,1001,8.398
50,1101,8.382
51,1,0.082
51,101,8.203
51,201,8.216
51,301,8.193
51,401,8.306
51,501,8.178
51,601,8.292
51,701,8.313
51,801,8.258
51,901,8.392
51,1001,8.408
51,1101,8.356
52,1,0.079
52,101,8.147
52,201,8.197
52,301,8.256
52,401,8.163
52,501,8.260
52,601,8.238
52,701,8.231
52,801,8.257
52,901,8.295
52,1001,8.328
52,1101,8.336
53,1,0.084
53,101,8.078
53,201,8.135
53,301,8.161
53,401,8.087
53,501,8.320
53,601,8.168
53,701,8.244
53,801,8.275
53,901,8.250
53,1001,8.299
53,1101,8.318
54,1,0.082
54,101,8.027
54,201,8.127
54,301,8.074
54,401,8.168
54,501,8.224
54,601,8.109
54,701,8.260
54,801,8.184
54,901,8.255
54,1001,8.335
54,1101,8.224
55,1,0.079
55,101,8.014
55,201,7.991
55,301,8.049
55,401,8.123
55,501,8.130
55,601,8.190
55,701,8.142
55,801,8.200
55,901,8.220
55,1001,8.226
55,1101,8.205
56,1,0.077
56,101,7.992
56,201,7.972
56,301,8.093
56,401,8.026
56,501,8.134
56,601,8.104
56,701,8.156
56,801,8.064
56,901,8.246
56,1001,8.216
56,1101,8.159
57,1,0.071
57,101,7.887
57,201,8.030
57,301,8.026
57,401,8.066
57,501,8.039
57,601,8.118
57,701,7.956
57,801,8.044
57,901,8.119
57,1001,8.182
57,1101,8.203
58,1,0.063
58,101,7.854
58,201,7.972
58,301,7.963
58,401,8.037
58,501,8.083
58,601,7.975
58,701,8.118
58,801,8.038
58,901,8.082
58,1001,8.086
58,1101,8.083
59,1,0.069
59,101,7.759
59,201,7.857
59,301,7.851
59,401,7.946
59,501,8.014
59,601,7.991
59,701,8.083
59,801,7.957
59,901,8.105
59,1001,8.128
59,1101,8.165
60,1,0.078
60,101,7.790
60,201,7.797
60,301,7.856
60,401,7.955
60,501,7.855
60,601,8.006
60,701,7.984
60,801,8.048
60,901,8.041
60,1001,7.982
60,1101,8.041
61,1,0.075
61,101,7.760
61,201,7.829
61,301,7.872
61,401,7.904
61,501,7.887
61,601,7.787
61,701,8.005
61,801,7.955
61,901,7.950
61,1001,8.055
61,1101,8.013
62,1,0.076
62,101,7.624
62,201,7.791
62,301,7.816
62,401,7.747
62,501,7.885
62,601,7.835
62,701,7.930
62,801,7.894
62,901,7.995
62,1001,7.986
62,1101,8.029
63,1,0.070
63,101,7.652
63,201,7.646
63,301,7.770
63,401,7.843
63,501,7.866
63,601,7.810
63,701,7.826
63,801,7.851
63,901,7.867
63,1001,7.860
63,1101,7.946
64,1,0.069
64,101,7.779
64,201,7.756
64,301,7.638
64,401,7.668
64,501,7.874
64,601,7.792
64,701,7.708
64,801,7.790
64,901,7.819
64,1001,7.896
64,1101,7.905
65,1,0.081
65,101,7.538
65,201,7.667
65,301,7.651
65,401,7.762
65,501,7.785
65,601,7.749
65,701,7.819
65,801,7.826
65,901,7.795
65,1001,7.751
65,1101,7.804
66,1,0.072
66,101,7.551
66,201,7.617
66,301,7.768
66,401,7.614
66,501,7.657
66,601,7.608
66,701,7.769
66,801,7.784
66,901,7.706
66,1001,7.823
66,1101,7.764
67,1,0.077
67,101,7.531
67,201,7.507
67,301,7.532
67,401,7.591
67,501,7.680
67,601,7.610
67,701,7.773
67,801,7.698
67,901,7.608
67,1001,7.778
67,1101,7.831
68,1,0.074
68,101,7.357
68,201,7.580
68,301,7.518
68,401,7.569
68,501,7.625
68,601,7.653
68,701,7.585
68,801,7.631
68,901,7.769
68,1001,7.739
68,1101,7.715
69,1,0.075
69,101,7.344
69,201,7.488
69,301,7.574
69,401,7.616
69,501,7.568
69,601,7.519
69,701,7.613
69,801,7.659
69,901,7.678
69,1001,7.675
69,1101,7.650
70,1,0.074
70,101,7.385
70,201,7.499
70,301,7.488
70,401,7.496
70,501,7.460
70,601,7.535
70,701,7.536
70,801,7.562
70,901,7.716
70,1001,7.580
70,1101,7.611
71,1,0.066
71,101,7.262
71,201,7.440
71,301,7.506
71,401,7.433
71,501,7.506
71,601,7.408
71,701,7.538
71,801,7.563
71,901,7.536
71,1001,7.549
71,1101,7.616
72,1,0.065
72,101,7.353
72,201,7.344
72,301,7.369
72,401,7.502
72,501,7.413
72,601,7.470
72,701,7.441
72,801,7.494
72,901,7.523
72,1001,7.545
72,1101,7.595
73,1,0.078
73,101,7.144
73,201,7.292
73,301,7.440
73,401,7.400
73,501,7.414
73,601,7.447
73,701,7.488
73,801,7.430
73,901,7.569
73,1001,7.488
73,1101,7.510
74,1,0.073
74,101,7.124
74,201,7.284
74,301,7.277
74,401,7.323
74,501,7.221
74,601,7.382
74,701,7.489
74,801,7.532
74,901,7.381
74,1001,7.448
74,1101,7.479
75,1,0.066
75,101,7.256
75,201,7.155
75,301,7.292
75,401,7.183
75,501,7.301
75,601,7.348
75,701,7.325
75,801,7.306
75,901,7.289
75,1001,7.351
75,1101,7.530
76,1,0.074
76,101,7.120
76,201,7.249
76,301,7.100
76,401,7.280
76,501,7.147
76,601,7.291
76,701,7.357
76,801,7.340
76,901,7.289
76,1001,7.419
76,1101,7.315
77,1,0.071
77,101,7.034
77,201,7.231
77,301,7.146
77,401,7.076
77,501,7.252
77,601,7.302
77,701,7.228
77,801,7.191
77,901,7.220
77,1001,7.374
77,1101,7.292
78,1,0.073
78,101,6.959
78,201,6.986
78,301,7.074
78,401,7.210
78,501,7.175
78,601,7.154
78,701,7.101
78,801,7.270
78,901,7.230
78,1001,7.317
78,1101,7.195
79,1,0.072
79,101,6.923
79,201,6.962
79,301,7.066
79,401,7.199
79,501,7.141
79,601,7.067
79,701,7.110
79,801,7.179
79,901,7.212
79,1001,7.256
79,1101,7.101
80,1,0.059
80,101,6.778
80,201,7.033
80,301,7.110
80,401,7.068
80,501,7.047
80,601,7.208
80,701,7.083
80,801,7.053
80,901,7.196
80,1001,7.274
80,1101,7.141
81,1,0.070
81,101,6.794
81,201,6.944
81,301,6.804
81,401,6.980
81,501,7.108
81,601,7.047
81,701,6.927
81,801,7.223
81,901,7.109
81,1001,7.157
81,1101,7.152
82,1,0.064
82,101,6.724
82,201,6.844
82,301,6.919
82,401,6.841
82,501,7.158
82,601,6.896
82,701,6.836
82,801,7.062
82,901,7.054
82,1001,7.166
82,1101,7.215
83,1,0.059
83,101,6.645
83,201,6.991
83,301,6.741
83,401,6.899
83,501,6.795
83,601,7.006
83,701,6.997
83,801,7.061
83,901,7.118
83,1001,6.979
83,1101,7.030
84,1,0.071
84,101,6.639
84,201,6.667
84,301,6.825
84,401,6.821
84,501,6.930
84,601,6.966
84,701,6.819
84,801,7.002
84,901,6.932
84,1001,7.018
84,1101,6.905
85,1,0.058
85,101,6.702
85,201,6.755
85,301,6.811
85,401,6.841
85,501,6.816
85,601,6.805
85,701,6.996
85,801,6.979
85,901,6.860
85,1001,7.101
85,1101,6.852
86,1,0.052
86,101,6.725
86,201,6.552
86,301,6.624
86,401,6.573
86,501,6.745
86,601,6.680
86,701,6.941
86,801,6.856
86,901,6.869
86,1001,6.802
86,1101,6.947
87,1,0.059
87,101,6.589
87,201,6.653
87,301,6.692
87,401,6.712
87,501,6.717
87,601,6.672
87,701,6.906
87,801,6.627
87,901,6.768
87,1001,6.791
87,1101,6.758
88,1,0.053
88,101,6.440
88,201,6.455
88,301,6.596
88,401,6.509
88,501,6.542
88,601,6.774
88,701,6.641
88,801,6.691
88,901,6.689
88,1001,6.871
88,1101,6.788
89,1,0.059
89,101,6.242
89,201,6.400
89,301,6.705
89,401,6.642
89,501,6.783
89,601,6.788
89,701,6.634
89,801,6.573
89,901,6.745
89,1001,6.690
89,1101,6.803
90,1,0.046
90,101,6.044
90,201,6.294
90,301,6.531
90,401,6.491
90,501,6.598
90,601,6.456
90,701,6.512
90,801,6.591
90,901,6.541
90,1001,6.694
90,1101,6.700
91,1,0.082
91,101,6.177
91,201,6.315
91,301,6.463
91,401,6.515
91,501,6.584
91,601,6.313
91,701,6.479
91,801,6.418
91,901,6.495
91,1001,6.783
91,1101,6.544
92,1,0.055
92,101,6.320
92,201,6.223
92,301,6.470
92,401,6.424
92,501,6.449
92,601,6.303
92,701,6.452
92,801,6.359
92,901,6.390
92,1001,6.540
92,1101,6.501
93,1,0.046
93,101,6.205
93,201,6.075
93,301,6.330
93,401,6.143
93,501,6.191
93,601,6.440
93,701,6.395
93,801,6.403
93,901,6.376
93,1001,6.417
93,1101,6.498
94,1,0.055
94,101,5.928
94,201,6.186
94,301,6.277
94,401,6.270
94,501,6.181
94,601,6.361
94,701,6.368
94,801,6.412
94,901,6.406
94,1001,6.400
94,1101,6.467
95,1,0.049
95,101,5.912
95,201,5.913
95,301,6.123
95,401,6.264
95,501,6.016
95,601,6.445
95,701,6.291
95,801,6.161
95,901,6.302
95,1001,6.294
95,1101,6.212
96,1,0.048
96,101,5.635
96,201,5.948
96,301,5.941
96,401,5.980
96,501,6.114
96,601,6.015
96,701,6.122
96,801,6.009
96,901,6.331
96,1001,6.343
96,1101,6.536
97,1,0.067
97,101,5.557
97,201,6.055
97,301,5.927
97,401,5.948
97,501,6.082
97,601,6.262
97,701,6.080
97,801,6.071
97,901,6.348
97,1001,6.164
97,1101,6.182
98,1,0.048
98,101,5.651
98,201,5.828
98,301,5.951
98,401,5.843
98,501,5.956
98,601,5.923
98,701,6.032
98,801,6.014
98,901,6.139
98,1001,6.283
98,1101,6.649
99,1,0.035
99,101,5.946
99,201,6.112
99,301,6.071
99,401,5.897
99,501,6.412
99,601,5.972
99,701,6.135
99,801,6.077
99,901,6.162
99,1001,5.998
99,1101,5.989
100,1,0.057
100,101,5.505
100,201,5.577
100,301,5.747
100,401,5.684
100,501,5.813
100,601,5.962
100,701,5.963
100,801,6.083
100,901,5.869
100,1001,5.977
100,1101,6.045
101,1,0.048
101,101,5.321
101,201,5.621
101,301,5.688
101,401,5.643
101,501,5.683
101,601,5.805
101,701,5.608
101,801,5.907
101,901,5.885
101,1001,5.881
101,1101,5.793
102,1,0.048
102,101,5.068
102,201,5.548
102,301,5.611
102,401,5.525
102,501,5.608
102,601,5.490
102,701,5.622
102,801,5.799
102,901,5.831
102,1001,5.751
102,1101,5.735
103,1,0.048
103,101,5.159
103,201,5.045
103,301,5.560
103,401,5.647
103,501,5.555
103,601,5.486
103,701,5.638
103,801,5.877
103,901,5.791
103,1001,5.724
103,1101,5.697
104,1,0.052
104,101,5.243
104,201,5.198
104,301,5.438
104,401,5.500
104,501,5.538
104,601,5.495
104,701,5.527
104,801,5.967
104,901,5.698
104,1001,5.677
104,1101,5.872
105,1,0.037
105,101,5.122
105,201,5.119
105,301,5.324
105,401,5.525
105,501,5.375
105,601,5.603
105,701,5.563
105,801,5.560
105,901,5.471
105,1001,5.372
105,1101,5.594
106,1,0.045
106,101,5.007
106,201,4.986
106,301,5.117
106,401,5.399
106,501,5.143
106,601,5.305
106,701,5.216
106,801,5.643
106,901,5.384
106,1001,5.634
106,1101,5.482
107,1,0.043
107,101,4.903
107,201,4.945
107,301,5.137
107,401,5.200
107,501,5.292
107,601,5.567
107,701,5.631
107,801,5.472
107,901,5.352
107,1001,5.095
107,1101,5.297
108,1,0.047
108,101,4.867
108,201,4.832
108,301,5.270
108,401,5.188
108,501,5.168
108,601,5.114
108,701,5.287
108,801,5.408
108,901,5.350
108,1001,5.744
108,1101,5.419
109,1,0.037
109,101,4.864
109,201,5.291
109,301,5.236
109,401,5.160
109,501,5.319
109,601,5.223
109,701,5.075
109,801,5.257
109,901,5.178
109,1001,5.354
109,1101,5.288
110,1,0.055
110,101,4.554
110,201,4.796
110,301,4.910
110,401,5.409
110,501,5.216
110,601,5.122
110,701,5.272
110,801,5.260
110,901,5.249
110,1001,5.322
110,1101,5.329
111,1,0.052
111,101,4.587
111,201,4.909
111,301,4.799
111,401,4.777
111,501,5.013
111,601,5.201
111,701,5.159
111,801,5.222
111,901,5.110
111,1001,5.185
111,1101,5.144
112,1,0.050
112,101,4.740
112,201,4.834
112,301,4.742
112,401,4.961
112,501,4.879
112,601,5.086
112,701,5.050
112,801,4.976
112,901,5.034
112,1001,4.971
112,1101,5.062
113,1,0.040
113,101,4.976
113,201,5.098
113,301,4.679
113,401,5.008
113,501,5.010
113,601,5.223
113,701,5.080
113,801,4.978
113,901,4.979
113,1001,5.126
113,1101,5.299
114,1,0.033
114,101,4.354
114,201,4.806
114,301,4.678
114,401,4.872
114,501,4.938
114,601,4.853
114,701,5.031
114,801,5.025
114,901,4.947
114,1001,5.035
114,1101,5.344
115,1,0.049
115,101,4.761
115,201,4.527
115,301,4.515
115,401,4.754
115,501,4.770
115,601,4.905
115,701,5.089
115,801,4.679
115,901,4.902
115,1001,4.936
115,1101,5.046
116,1,0.049
116,101,4.453
116,201,4.513
116,301,4.533
116,401,4.767
116,501,4.958
116,601,4.630
116,701,4.791
116,801,5.007
116,901,5.043
116,1001,5.147
116,1101,5.009
117,1,0.039
117,101,4.327
117,201,4.301
117,301,4.544
117,401,4.554
117,501,4.808
117,601,4.562
117,701,4.924
117,801,4.953
117,901,4.665
117,1001,5.189
117,1101,4.969
118,1,0.036
118,101,4.141
118,201,4.236
118,301,4.681
118,401,4.576
118,501,4.540
118,601,4.594
118,701,4.840
118,801,4.812
118,901,4.961
118,1001,4.760
118,1101,4.718
119,1,0.056
119,101,4.010
119,201,4.455
119,301,4.496
119,401,4.453
119,501,4.380
119,601,4.664
119,701,4.892
119,801,4.624
119,901,4.707
119,1001,4.763
119,1101,4.834
120,1,0.037
120,101,4.212
120,201,4.404
120,301,4.380
120,401,4.375
120,501,4.357
120,601,4.587
120,701,4.518
120,801,4.671
120,901,4.612
120,1001,4.800
120,1101,4.757
121,1,0.029
121,101,4.006
121,201,4.255
121,301,4.249
121,401,4.300
121,501,4.439
121,601,4.587
121,701,4.488
121,801,4.621
121,901,4.704
121,1001,4.921
121,1101,4.757
122,1,0.038
122,101,4.165
122,201,4.315
122,301,4.338
122,401,4.518
122,501,4.443
122,601,5.197
122,701,4.656
122,801,4.502
122,901,5.215
122,1001,4.960
122,1101,4.764
123,1,0.053
123,101,4.195
123,201,4.479
123,301,4.515
123,401,4.387
123,501,4.461
123,601,4.442
123,701,4.474
123,801,4.480
123,901,4.493
123,1001,4.672
123,1101,4.720
124,1,0.037
124,101,4.195
124,201,4.136
124,301,4.090
124,401,4.187
124,501,4.341
124,601,4.314
124,701,4.623
124,801,4.289
124,901,4.751
124,1001,4.598
124,1101,4.607
125,1,0.040
125,101,4.077
125,201,4.144
125,301,4.358
125,401,4.137
125,501,4.204
125,601,3.947
125,701,4.304
125,801,4.420
125,901,4.380
125,1001,4.312
125,1101,4.517
126,1,0.039
126,101,3.807
126,201,4.059
126,301,4.524
126,401,3.914
126,501,4.091
126,601,4.449
126,701,4.470
126,801,4.106
126,901,4.379
126,1001,4.628
126,1101,4.581
127,1,0.052
127,101,4.382
127,201,3.980
127,301,4.267
127,401,5.084
127,501,4.413
127,601,3.986
127,701,4.488
127,801,4.299
127,901,4.089
127,1001,4.416
127,1101,4.529
128,1,0.048
128,101,3.823
128,201,3.786
128,301,3.974
128,401,4.020
128,501,4.253
128,601,4.124
128,701,4.028
128,801,4.377
128,901,4.470
128,1001,4.481
128,1101,4.377
129,1,0.034
129,101,3.974
129,201,3.930
129,301,3.930
129,401,3.979
129,501,4.046
129,601,4.178
129,701,4.371
129,801,4.352
129,901,4.240
129,1001,4.792
129,1101,4.504
130,1,0.045
130,101,3.832
130,201,4.186
130,301,4.226
130,401,4.428
130,501,4.182
130,601,4.216
130,701,4.087
130,801,4.301
130,901,4.368
130,1001,4.288
130,1101,4.216
131,1,0.051
131,101,3.772
131,201,3.824
131,301,3.874
131,401,4.372
131,501,4.300
131,601,3.987
131,701,4.152
131,801,4.184
131,901,4.241
131,1001,4.374
131,1101,4.265
132,1,0.033
132,101,3.426
132,201,3.856
132,301,3.880
132,401,4.152
132,501,4.019
132,601,4.205
132,701,3.939
132,801,3.922
132,901,4.072
132,1001,4.232
132,1101,4.547
133,1,0.039
133,101,3.421
133,201,3.799
133,301,3.791
133,401,4.007
133,501,4.016
133,601,4.085
133,701,4.021
133,801,4.159
133,901,4.195
133,1001,4.224
133,1101,3.980
134,1,0.028
134,101,3.482
134,201,3.649
134,301,3.892
134,401,3.991
134,501,4.234
134,601,4.428
134,701,4.155
134,801,4.103
134,901,4.124
134,1001,3.932
134,1101,4.247
135,1,0.040
135,101,3.450
135,201,3.667
135,301,3.885
135,401,4.108
135,501,4.035
135,601,3.869
135,701,4.049
135,801,3.877
135,901,3.989
135,1001,3.903
135,1101,4.079
136,1,0.017
136,101,3.606
136,201,3.485
136,301,3.839
136,401,4.120
136,501,3.943
136,601,3.961
136,701,3.883
136,801,4.376
136,901,3.767
136,1001,3.885
136,1101,4.034
137,1,0.043
137,101,3.484
137,201,3.555
137,301,3.853
137,401,3.522
137,501,3.790
137,601,3.715
137,701,3.889
137,801,3.923
137,901,3.788
137,1001,3.843
137,1101,4.144
138,1,0.040
138,101,3.492
138,201,3.605
138,301,3.520
138,401,3.675
138,501,3.791
138,601,4.063
138,701,3.744
138,801,3.942
138,901,3.919
138,1001,3.640
138,1101,4.111
139,1,0.044
139,101,3.255
139,201,3.521
139,301,3.704
139,401,3.700
139,501,3.663
139,601,3.796
139,701,4.032
139,801,3.730
139,901,3.955
139,1001,3.712
139,1101,3.806
140,1,0.034
140,101,3.284
140,201,3.657
140,301,3.628
140,401,3.647
140,501,3.572
140,601,3.513
140,701,3.959
140,801,3.871
140,901,3.820
140,1001,3.652
140,1101,3.926
141,1,0.028
141,101,3.468
141,201,3.639
141,301,3.363
141,401,3.659
141,501,3.564
141,601,3.678
141,701,3.733
141,801,3.628
141,901,3.558
141,1001,3.613
141,1101,4.052
142,1,0.041
142,101,3.231
142,201,3.441
142,301,3.287
142,401,3.359
142,501,3.850
142,601,3.717
142,701,3.759
142,801,3.735
142,901,3.569
142,1001,4.023
142,1101,3.812
143,1,0.038
143,101,3.079
143,201,3.549
143,301,3.440
143,401,3.482
143,501,3.399
143,601,3.470
143,701,3.688
143,801,3.819
143,901,3.836
143,1001,3.873
143,1101,3.800
144,1,0.024
144,101,3.434
144,201,3.538
144,301,3.268
144,401,3.458
144,501,3.497
144,601,3.753
144,701,3.840
144,801,3.691
144,901,3.607
144,1001,3.776
144,1101,3.578
145,1,0.020
145,101,3.144
145,201,3.244
145,301,3.520
145,401,3.727
145,501,3.464
145,601,4.261
145,701,3.977
145,801,3.761
145,901,3.831
145,1001,3.754
145,1101,3.931
146,1,0.039
146,101,3.183
146,201,3.581
146,301,3.479
146,401,3.529
146,501,3.378
146,601,3.791
146,701,3.689
146,801,3.725
146,901,3.723
146,1001,3.456
146,1101,4.124
147,1,0.042
147,101,3.552
147,201,3.354
147,301,3.689
147,401,3.538
147,501,3.981
147,601,3.318
147,701,3.441
147,801,3.432
147,901,3.593
147,1001,3.968
147,1101,3.620
148,1,0.014
148,101,3.262
148,201,3.201
148,301,3.444
148,401,3.525
148,501,3.788
148,601,3.631
148,701,3.348
148,801,3.503
148,901,3.447
148,1001,3.517
148,1101,3.453
149,1,0.027
149,101,3.133
149,201,3.148
149,301,3.222
149,401,3.486
149,501,3.550
149,601,3.708
149,701,3.787
149,801,3.557
149,901,3.650
149,1001,3.821
149,1101,3.484
150,1,0.025
150,101,2.952
150,201,3.036
150,301,3.228
150,401,3.425
150,501,3.246
150,601,3.590
150,701,3.521
150,801,3.491
150,901,3.584
150,1001,3.472
150,1101,3.523
151,1,0.024
151,101,3.138
151,201,3.274
151,301,3.263
151,401,3.171
151,501,3.179
151,601,3.634
151,701,3.420
151,801,3.407
151,901,3.707
151,1001,3.613
151,1101,3.553
152,1,0.040
152,101,3.089
152,201,3.313
152,301,3.410
152,401,3.313
152,501,3.364
152,601,3.248
152,701,3.655
152,801,3.569
152,901,3.370
152,1001,3.788
152,1101,3.510
153,1,0.020
153,101,2.955
153,201,2.860
153,301,3.204
153,401,3.293
153,501,3.591
153,601,3.425
153,701,3.229
153,801,3.432
153,901,3.500
153,1001,3.738
153,1101,3.635
154,1,0.041
154,101,3.115
154,201,3.084
154,301,3.221
154,401,3.449
154,501,3.370
154,601,3.397
154,701,3.207
154,801,3.247
154,901,3.339
154,1001,3.568
154,1101,3.364
155,1,0.043
155,101,2.909
155,201,3.027
155,301,3.005
155,401,3.313
155,501,3.320
155,601,3.136
155,701,3.002
155,801,3.579
155,901,3.474
155,1001,3.628
155,1101,3.419
156,1,0.026
156,101,2.836
156,201,2.963
156,301,3.251
156,401,3.233
156,501,3.197
156,601,3.258
156,701,3.444
156,801,3.352
156,901,3.373
156,1001,3.410
156,1101,3.343
157,1,0.040
157,101,3.162
157,201,3.003
157,301,2.909
157,401,3.064
157,501,3.157
157,601,3.215
157,701,3.064
157,801,3.460
157,901,3.254
157,1001,3.366
157,1101,3.273
158,1,0.024
158,101,3.272
158,201,3.115
158,301,3.442
158,401,3.590
158,501,3.136
158,601,3.299
158,701,3.088
158,801,3.345
158,901,3.104
158,1001,3.279
158,1101,3.420
159,1,0.015
159,101,2.891
159,201,3.033
159,301,3.140
159,401,2.925
159,501,3.103
159,601,3.151
159,701,3.231
159,801,3.440
159,901,3.283
159,1001,3.686
159,1101,3.354
160,1,0.033
160,101,2.852
160,201,3.077
160,301,3.240
160,401,3.020
160,501,3.158
160,601,3.056
160,701,3.324
160,801,3.166
160,901,3.148
160,1001,3.445
160,1101,3.151
161,1,0.010
161,101,3.052
161,201,2.963
161,301,3.090
161,401,2.962
161,501,3.131
161,601,3.163
161,701,3.395
161,801,3.311
161,901,3.214
161,1001,3.177
161,1101,3.413
162,1,0.033
162,101,2.673
162,201,2.893
162,301,2.963
162,401,3.132
162,501,3.062
162,601,3.118
162,701,2.992
162,801,3.412
162,901,3.246
162,1001,3.308
162,1101,3.111
163,1,0.034
163,101,2.620
163,201,3.039
163,301,2.864
163,401,2.850
163,501,3.220
163,601,3.215
163,701,3.157
163,801,3.101
163,901,3.239
163,1001,3.278
163,1101,3.126
164,1,0.029
164,101,2.830
164,201,2.830
164,301,3.155
164,401,3.048
164,501,3.106
164,601,2.866
164,701,4.385
164,801,3.497
164,901,3.180
164,1001,3.210
164,1101,3.170
165,1,0.029
165,101,2.955
165,201,2.900
165,301,3.010
165,401,3.097
165,501,2.915
165,601,3.550
165,701,3.035
165,801,3.266
165,901,3.110
165,1001,3.254
165,1101,3.191
166,1,0.024
166,101,2.762
166,201,2.989
166,301,2.864
166,401,3.184
166,501,3.088
166,601,3.108
166,701,2.933
166,801,3.051
166,901,3.026
166,1001,3.289
166,1101,2.998
167,1,0.018
167,101,2.812
167,201,2.645
167,301,2.914
167,401,2.805
167,501,2.914
167,601,3.101
167,701,3.150
167,801,3.072
167,901,3.134
167,1001,2.968
167,1101,3.166
168,1,0.030
168,101,2.743
168,201,2.919
168,301,3.176
168,401,2.841
168,501,3.036
168,601,3.184
168,701,2.975
168,801,2.857
168,901,3.034
168,1001,3.130
168,1101,3.359
169,1,0.028
169,101,2.809
169,201,2.601
169,301,3.058
169,401,2.861
169,501,3.010
169,601,2.786
169,701,2.835
169,801,3.101
169,901,3.016
169,1001,2.991
169,1101,3.133
170,1,0.018
170,101,2.623
170,201,2.602
170,301,2.645
170,401,2.683
170,501,3.090
170,601,2.864
170,701,3.276
170,801,3.294
170,901,3.122
170,1001,3.079
170,1101,3.304
171,1,0.017
171,101,2.647
171,201,2.956
171,301,3.344
171,401,2.842
171,501,2.991
171,601,2.950
171,701,2.972
171,801,3.045
171,901,2.888
171,1001,3.252
171,1101,3.091
172,1,0.031
172,101,2.682
172,201,2.620
172,301,2.796
172,401,2.970
172,501,3.036
172,601,2.965
172,701,2.704
172,801,2.973
172,901,3.270
172,1001,2.917
172,1101,3.137
173,1,0.033
173,101,2.344
173,201,2.785
173,301,2.570
173,401,2.900
173,501,3.000
173,601,2.927
173,701,2.737
173,801,3.100
173,901,3.088
173,1001,2.998
173,1101,3.283
174,1,0.007
174,101,2.515
174,201,2.634
174,301,2.622
174,401,2.853
174,501,2.810
174,601,2.985
174,701,2.868
174,801,3.122
174,901,3.139
174,1001,3.101
174,1101,3.265
175,1,0.033
175,101,2.574
175,201,2.524
175,301,2.745
175,401,2.913
175,501,2.772
175,601,2.911
175,701,3.090
175,801,3.240
175,901,3.108
175,1001,2.988
175,1101,2.935
176,1,0.011
176,101,2.612
176,201,2.844
176,301,2.726
176,401,3.003
176,501,2.894
176,601,3.086
176,701,2.710
176,801,2.891
176,901,2.698
176,1001,3.118
176,1101,3.046
177,1,0.052
177,101,2.660
177,201,2.727
177,301,2.833
177,401,3.128
177,501,2.711
177,601,2.922
177,701,3.157
177,801,2.964
177,901,2.842
177,1001,3.053
177,1101,2.981
178,1,0.030
178,101,2.394
178,201,2.539
178,301,2.548
178,401,2.699
178,501,2.769
178,601,2.992
178,701,2.971
178,801,2.848
178,901,2.911
178,1001,2.914
178,1101,3.104
179,1,0.026
179,101,2.527
179,201,2.635
179,301,2.657
179,401,2.602
179,501,2.618
179,601,2.781
179,701,2.777
179,801,2.961
179,901,2.935
179,1001,3.032
179,1101,3.084
180,1,0.025
180,101,2.424
180,201,2.385
180,301,2.670
180,401,2.807
180,501,2.675
180,601,2.931
180,701,2.812
180,801,2.782
180,901,2.752
180,1001,2.914
180,1101,2.892
181,1,0.023
181,101,2.495
181,201,2.571
181,301,2.711
181,401,2.794
181,501,2.386
181,601,2.724
181,701,2.815
181,801,3.007
181,901,2.901
181,1001,2.908
181,1101,3.005
182,1,0.024
182,101,2.340
182,201,2.729
182,301,2.716
182,401,2.533
182,501,2.744
182,601,2.856
182,701,2.761
182,801,2.885
182,901,2.987
182,1001,2.593
182,1101,2.970
183,1,0.009
183,101,2.368
183,201,2.784
183,301,2.675
183,401,2.824
183,501,2.748
183,601,2.854
183,701,2.928
183,801,2.779
183,901,2.852
183,1001,3.086
183,1101,3.197
184,1,0.032
184,101,2.574
184,201,2.521
184,301,2.626
184,401,2.646
184,501,2.733
184,601,2.792
184,701,2.685
184,801,3.030
184,901,2.901
184,1001,2.732
184,1101,3.014
185,1,0.034
185,101,2.473
185,201,2.570
185,301,2.551
185,401,2.520
185,501,2.640
185,601,2.855
185,701,2.871
185,801,2.877
185,901,2.727
185,1001,2.480
185,1101,2.898
186,1,0.021
186,101,2.191
186,201,2.473
186,301,2.887
186,401,2.560
186,501,2.570
186,601,2.732
186,701,2.709
186,801,2.763
186,901,2.633
186,1001,2.880
186,1101,2.726
187,1,0.031
187,101,2.323
187,201,2.443
187,301,2.596
187,401,2.529
187,501,2.657
187,601,2.613
187,701,2.703
187,801,2.937
187,901,2.825
187,1001,2.546
187,1101,2.872
188,1,0.025
188,101,2.458
188,201,2.433
188,301,2.418
188,401,2.354
188,501,2.536
188,601,2.742
188,701,2.824
188,801,2.519
188,901,3.189
188,1001,2.794
188,1101,2.835
189,1,0.048
189,101,2.510
189,201,2.647
189,301,2.516
189,401,2.438
189,501,2.629
189,601,2.649
189,701,2.989
189,801,2.833
189,901,2.705
189,1001,3.010
189,1101,2.972
190,1,0.021
190,101,2.405
190,201,2.366
190,301,2.636
190,401,2.638
190,501,2.372
190,601,2.760
190,701,2.685
190,801,2.782
190,901,2.712
190,1001,2.785
190,1101,2.680
191,1,0.048
191,101,2.249
191,201,2.474
191,301,2.550
191,401,2.400
191,501,2.590
191,601,2.520
191,701,2.551
191,801,2.649
191,901,2.725
191,1001,2.735
191,1101,3.127
192,1,0.022
192,101,2.344
192,201,2.460
192,301,2.514
192,401,2.529
192,501,2.465
192,601,2.529
192,701,2.547
192,801,2.653
192,901,2.675
192,1001,2.807
192,1101,2.975
193,1,0.031
193,101,2.425
193,201,2.225
193,301,2.473
193,401,2.699
193,501,2.466
193,601,2.431
193,701,2.551
193,801,2.642
193,901,2.736
193,1001,2.659
193,1101,2.951
194,1,0.038
194,101,2.256
194,201,2.448
194,301,2.558
194,401,2.451
194,501,2.378
194,601,2.442
194,701,2.772
194,801,2.693
194,901,2.674
194,1001,2.468
194,1101,2.512
195,1,0.016
195,101,2.357
195,201,2.276
195,301,2.225
195,401,2.331
195,501,2.350
195,601,2.733
195,701,2.850
195,801,2.395
195,901,2.870
195,1001,2.629
195,1101,2.762
196,1,0.026
196,101,2.185
196,201,2.382
196,301,2.491
196,401,2.498
196,501,2.563
196,601,2.678
196,701,2.514
196,801,2.700
196,901,2.563
196,1001,2.512
196,1101,2.549
197,1,0.026
197,101,2.205
197,201,2.446
197,301,2.279
197,401,2.489
197,501,2.742
197,601,2.660
197,701,2.429
197,801,2.836
197,901,2.814
197,1001,2.724
197,1101,2.401
198,1,0.027
198,101,2.323
198,201,2.165
198,301,2.201
198,401,2.453
198,501,2.398
198,601,2.381
198,701,2.657
198,801,2.680
198,901,2.651
198,1001,2.882
198,1101,2.592
199,1,0.016
199,101,2.307
199,201,2.496
199,301,2.273
199,401,2.664
199,501,2.333
199,601,2.543
199,701,2.644
199,801,2.575
199,901,2.581
199,1001,2.576
199,1101,2.546
200,1,0.032
200,101,2.246
200,201,2.220
200,301,2.427
200,401,2.431
200,501,2.411
200,601,2.440
200,701,2.465
200,801,2.776
200,901,2.561
200,1001,2.669
200,1101,2.385
201,1,0.011
201,101,2.282
201,201,2.078
201,301,2.420
201,401,2.435
201,501,2.619
201,601,2.365
201,701,2.616
201,801,2.569
201,901,2.442
201,1001,2.603
201,1101,2.757
202,1,0.018
202,101,2.035
202,201,2.364
202,301,2.362
202,401,2.404
202,501,2.612
202,601,2.619
202,701,2.439
202,801,2.371
202,901,2.548
202,1001,2.555
202,1101,2.360
203,1,0.021
203,101,2.299
203,201,2.402
203,301,2.374
203,401,2.418
203,501,2.357
203,601,2.340
203,701,2.540
203,801,2.662
203,901,2.553
203,1001,2.385
203,1101,2.692
204,1,0.016
204,101,2.471
204,201,2.261
204,301,2.219
204,401,2.580
204,501,2.585
204,601,2.366
204,701,2.604
204,801,2.493
204,901,2.652
204,1001,2.597
204,1101,2.656
205,1,0.013
205,101,2.109
205,201,2.334
205,301,2.476
205,401,2.376
205,501,2.275
205,601,2.383
205,701,2.535
205,801,2.286
205,901,2.696
205,1001,2.546
205,1101,2.469
206,1,0.026
206,101,2.370
206,201,2.309
206,301,2.380
206,401,2.179
206,501,2.419
206,601,2.743
206,701,2.421
206,801,2.536
206,901,2.613
206,1001,2.400
206,1101,2.558
207,1,0.020
207,101,2.423
207,201,2.214
207,301,2.465
207,401,2.311
207,501,2.356
207,601,2.509
207,701,2.723
207,801,2.520
207,901,2.420
207,1001,2.333
207,1101,2.563
208,1,0.017
208,101,2.247
208,201,2.480
208,301,2.214
208,401,2.480
208,501,2.259
208,601,2.558
208,701,2.419
208,801,2.465
208,901,2.195
208,1001,2.687
208,1101,2.487
209,1,0.024
209,101,2.151
209,201,2.101
209,301,2.175
209,401,2.265
209,501,2.492
209,601,2.317
209,701,2.276
209,801,2.318
209,901,2.548
209,1001,2.581
209,1101,2.647
210,1,0.020
210,101,2.038
210,201,2.171
210,301,2.147
210,401,2.333
210,501,2.355
210,601,2.408
210,701,2.594
210,801,2.454
210,901,2.500
210,1001,2.521
210,1101,2.361
211,1,0.017
211,101,2.122
211,201,2.025
211,301,2.267
211,401,2.456
211,501,2.393
211,601,2.604
211,701,2.289
211,801,2.382
211,901,2.306
211,1001,2.495
211,1101,2.728
212,1,0.020
212,101,2.262
212,201,2.227
212,301,2.220
212,401,2.011
212,501,2.430
212,601,2.432
212,701,2.208
212,801,2.453
212,901,2.374
212,1001,2.584
212,1101,2.465
213,1,0.020
213,101,2.052
213,201,2.125
213,301,2.057
213,401,2.244
213,501,2.554
213,601,2.472
213,701,2.513
213,801,2.327
213,901,2.415
213,1001,2.488
213,1101,2.548
214,1,0.001
214,101,1.937
214,201,2.202
214,301,2.331
214,401,2.067
214,501,2.296
214,601,2.509
214,701,2.475
214,801,2.400
214,901,2.593
214,1001,2.694
214,1101,2.442
215,1,0.019
215,101,1.984
215,201,2.047
215,301,2.421
215,401,2.296
215,501,2.373
215,601,2.190
215,701,2.346
215,801,2.504
215,901,2.324
215,1001,2.262
215,1101,2.435
216,1,0.022
216,101,1.886
216,201,1.994
216,301,2.123
216,401,2.308
216,501,2.237
216,601,2.622
216,701,2.511
216,801,2.239
216,901,2.340
216,1001,2.489
216,1101,2.415
217,1,0.022
217,101,2.143
217,201,1.942
217,301,2.220
217,401,2.055
217,501,2.335
217,601,2.401
217,701,2.237
217,801,2.358
217,901,2.324
217,1001,2.497
217,1101,2.251
218,1,0.016
218,101,1.890
218,201,2.230
218,301,2.223
218,401,2.127
218,501,2.463
218,601,2.426
218,701,2.234
218,801,2.318
218,901,2.337
218,1001,2.168
218,1101,2.555
219,1,0.023
219,101,2.055
219,201,2.101
219,301,2.064
219,401,2.110
219,501,2.144
219,601,2.407
219,701,2.324
219,801,2.408
219,901,2.212
219,1001,2.386
219,1101,2.212
220,1,0.018
220,101,2.166
220,201,2.042
220,301,2.003
220,401,1.986
220,501,2.463
220,601,2.265
220,701,2.444
220,801,2.403
220,901,2.371
220,1001,2.416
220,1101,2.455
221,1,0.017
221,101,1.980
221,201,1.997
221,301,2.328
221,401,2.164
221,501,2.260
221,601,2.475
221,701,2.143
221,801,2.208
221,901,2.553
221,1001,2.291
221,1101,2.228
222,1,0.020
222,101,2.043
222,201,2.005
222,301,2.067
222,401,2.513
222,501,2.307
222,601,2.231
222,701,2.428
222,801,2.446
222,901,2.162
222,1001,2.324
222,1101,2.379
223,1,0.019
223,101,2.014
223,201,2.184
223,301,2.102
223,401,2.215
223,501,2.221
223,601,2.221
223,701,2.404
223,801,2.200
223,901,2.290
223,1001,2.325
223,1101,2.363
224,1,0.026
224,101,2.145
224,201,1.916
224,301,2.076
224,401,2.047
224,501,2.144
224,601,2.246
224,701,2.242
224,801,2.193
224,901,2.528
224,1001,2.331
224,1101,2.180
225,1,0.017
225,101,1.948
225,201,2.017
225,301,1.978
225,401,2.253
225,501,2.185
225,601,2.127
225,701,2.528
225,801,2.578
225,901,2.177
225,1001,2.231
225,1101,2.481
226,1,0.014
226,101,2.040
226,201,2.068
226,301,2.148
226,401,2.173
226,501,2.504
226,601,2.514
226,701,2.253
226,801,2.340
226,901,2.380
226,1001,2.390
226,1101,2.592
227,1,0.028
227,101,2.049
227,201,2.016
227,301,2.072
227,401,2.060
227,501,2.379
227,601,2.206
227,701,2.475
227,801,2.335
227,901,2.528
227,1001,2.573
227,1101,2.412
228,1,0.002
228,101,1.905
228,201,1.914
228,301,2.218
228,401,2.320
228,501,2.252
228,601,2.260
228,701,2.352
228,801,2.157
228,901,2.243
228,1001,2.271
228,1101,2.443
229,1,0.026
229,101,2.195
229,201,1.937
229,301,2.118
229,401,2.284
229,501,2.040
229,601,2.105
229,701,2.461
229,801,2.356
229,901,2.179
229,1001,2.248
229,1101,2.368
230,1,0.034
230,101,1.887
230,201,1.911
230,301,2.148
230,401,2.312
230,501,2.085
230,601,2.024
230,701,1.954
230,801,2.448
230,901,2.199
230,1001,2.321
230,1101,2.384
231,1,0.025
231,101,1.897
231,201,2.077
231,301,1.965
231,401,2.087
231,501,2.180
231,601,2.298
231,701,1.922
231,801,2.040
231,901,2.417
231,1001,2.324
231,1101,2.082
232,1,0.018
232,101,1.866
232,201,1.878
232,301,2.165
232,401,2.303
232,501,2.142
232,601,2.019
232,701,2.176
232,801,2.053
232,901,2.185
232,1001,2.202
232,1101,2.273
233,1,0.011
233,101,1.788
233,201,1.992
233,301,1.948
233,401,2.206
233,501,2.121
233,601,2.000
233,701,2.116
233,801,2.129
233,901,1.963
233,1001,2.315
233,1101,2.329
234,1,0.012
234,101,1.873
234,201,2.057
234,301,2.104
234,401,1.977
234,501,2.008
234,601,2.011
234,701,2.294
234,801,2.173
234,901,2.260
234,1001,2.335
234,1101,2.290
235,1,0.020
235,101,2.250
235,201,2.118
235,301,2.089
235,401,2.306
235,501,2.737
235,601,2.251
235,701,2.263
235,801,2.272
235,901,2.594
235,1001,2.360
235,1101,2.399
236,1,0.019
236,101,1.976
236,201,1.982
236,301,2.121
236,401,2.286
236,501,2.089
236,601,2.138
236,701,2.461
236,801,2.575
236,901,2.312
236,1001,2.271
236,1101,2.257
237,1,0.042
237,101,1.926
237,201,2.075
237,301,2.189
237,401,1.985
237,501,2.307
237,601,2.552
237,701,2.185
237,801,2.042
237,901,2.625
237,1001,2.336
237,1101,2.104
238,1,0.016
238,101,1.804
238,201,1.896
238,301,2.196
238,401,2.128
238,501,2.412
238,601,2.161
238,701,2.330
238,801,2.493
238,901,2.131
238,1001,2.236
238,1101,2.145
239,1,0.022
239,101,1.809
239,201,1.988
239,301,2.257
239,401,1.973
239,501,1.966
239,601,2.176
239,701,2.016
239,801,2.068
239,901,2.349
239,1001,2.552
239,1101,2.090
240,1,0.025
240,101,1.901
240,201,1.937
240,301,1.971
240,401,2.153
240,501,2.122
240,601,1.934
240,701,2.228
240,801,2.144
240,901,2.098
240,1001,2.085
240,1101,2.265
241,1,0.023
241,101,1.771
241,201,2.029
241,301,2.091
241,401,1.914
241,501,2.164
241,601,2.008
241,701,2.065
241,801,2.213
241,901,2.290
241,1001,2.336
241,1101,2.004
242,1,0.024
242,101,2.007
242,201,1.862
242,301,2.019
242,401,1.980
242,501,2.099
242,601,2.127
242,701,2.188
242,801,2.290
242,901,2.062
242,1001,2.292
242,1101,2.012
243,1,0.010
243,101,1.781
243,201,1.860
243,301,2.069
243,401,1.958
243,501,2.047
243,601,2.029
243,701,2.260
243,801,2.193
243,901,2.138
243,1001,2.167
243,1101,2.221
244,1,0.026
244,101,1.845
244,201,1.744
244,301,1.795
244,401,2.255
244,501,2.099
244,601,1.913
244,701,1.937
244,801,2.404
244,901,2.250
244,1001,1.932
244,1101,2.129
245,1,0.026
245,101,1.818
245,201,1.709
245,301,1.752
245,401,1.917
245,501,1.893
245,601,2.246
245,701,2.188
245,801,2.031
245,901,2.146
245,1001,2.203
245,1101,2.005
246,1,0.007
246,101,1.913
246,201,2.015
246,301,2.039
246,401,1.983
246,501,1.919
246,601,1.888
246,701,2.088
246,801,2.150
246,901,2.094
246,1001,2.141
246,1101,2.124
247,1,0.012
247,101,1.811
247,201,1.902
247,301,1.752
247,401,2.043
247,501,1.975
247,601,1.867
247,701,2.084
247,801,2.109
247,901,1.989
247,1001,2.149
247,1101,2.423
248,1,0.025
248,101,1.906
248,201,1.844
248,301,1.842
248,401,1.943
248,501,2.099
248,601,1.934
248,701,1.918
248,801,2.244
248,901,1.829
248,1001,2.108
248,1101,2.115
249,1,0.009
249,101,1.731
249,201,1.790
249,301,1.813
249,401,1.955
249,501,1.835
249,601,2.234
249,701,2.174
249,801,2.212
249,901,2.096
249,1001,1.903
249,1101,1.916
250,1,0.014
250,101,1.805
250,201,2.234
250,301,2.184
250,401,1.963
250,501,1.979
250,601,2.181
250,701,2.168
250,801,2.110
250,901,2.020
250,1001,1.871
250,1101,2.259
251,1,0.008
251,101,1.866
251,201,1.719
251,301,2.046
251,401,1.978
251,501,2.075
251,601,2.143
251,701,2.126
251,801,2.048
251,901,2.097
251,1001,2.135
251,1101,2.046
252,1,0.018
252,101,1.744
252,201,1.963
252,301,1.923
252,401,1.812
252,501,1.969
252,601,2.059
252,701,2.051
252,801,1.896
252,901,2.010
252,1001,2.175
252,1101,2.145
253,1,0.010
253,101,1.699
253,201,1.811
253,301,2.005
253,401,1.877
253,501,2.162
253,601,1.909
253,701,2.245
253,801,2.090
253,901,2.069
253,1001,2.287
253,1101,1.843
254,1,0.017
254,101,1.730
254,201,1.741
254,301,1.858
254,401,1.788
254,501,1.676
254,601,1.930
254,701,1.959
254,801,2.004
254,901,2.035
254,1001,2.051
254,1101,2.084
255,1,0.023
255,101,1.738
255,201,1.838
255,301,2.027
255,401,1.995
255,501,1.811
255,601,1.953
255,701,1.996
255,801,1.718
255,901,2.309
255,1001,2.046
255,1101,2.054
256,1,0.007
256,101,1.661
256,201,1.730
256,301,1.995
256,401,1.899
256,501,2.268
256,601,1.964
256,701,2.081
256,801,2.215
256,901,2.008
256,1001,1.881
256,1101,1.812
257,1,0.017
257,101,1.789
257,201,1.640
257,301,1.709
257,401,1.902
257,501,2.134
257,601,2.055
257,701,1.927
257,801,2.077
257,901,1.896
257,1001,2.013
257,1101,2.176
258,1,0.009
258,101,1.725
258,201,1.794
258,301,1.592
258,401,2.019
258,501,2.115
258,601,2.218
258,701,1.669
258,801,2.050
258,901,2.023
258,1001,1.956
258,1101,2.136
259,1,0.015
259,101,1.746
259,201,1.678
259,301,1.661
259,401,1.661
259,501,2.182
259,601,1.920
259,701,2.087
259,801,2.668
259,901,2.236
259,1001,2.168
259,1101,2.114
260,1,0.003
260,101,1.588
260,201,1.856
260,301,1.956
260,401,1.787
260,501,1.831
260,601,1.907
260,701,2.228
260,801,2.272
260,901,2.278
260,1001,2.065
260,1101,2.272
261,1,0.027
261,101,1.702
261,201,1.743
261,301,1.707
261,401,1.822
261,501,1.647
261,601,2.204
261,701,1.981
261,801,2.133
261,901,2.055
261,1001,2.004
261,1101,2.308
262,1,0.013
262,101,1.852
262,201,1.817
262,301,1.941
262,401,1.964
262,501,1.965
262,601,2.009
262,701,1.933
262,801,1.873
262,901,1.856
262,1001,2.240
262,1101,2.189
263,1,0.039
263,101,1.650
263,201,1.690
263,301,1.886
263,401,1.897
263,501,1.873
263,601,1.837
263,701,2.024
263,801,1.847
263,901,2.194
263,1001,1.964
263,1101,2.141
264,1,0.025
264,101,1.707
264,201,1.530
264,301,1.820
264,401,2.085
264,501,2.176
264,601,1.970
264,701,1.860
264,801,2.191
264,901,1.990
264,1001,2.147
264,1101,2.089
265,1,0.029
265,101,1.806
265,201,1.780
265,301,1.963
265,401,1.947
265,501,1.849
265,601,2.118
265,701,2.256
265,801,1.838
265,901,2.169
265,1001,2.067
265,1101,1.999
266,1,0.022
266,101,1.698
266,201,1.797
266,301,1.825
266,401,1.796
266,501,1.824
266,601,2.180
266,701,1.879
266,801,2.237
266,901,2.023
266,1001,2.074
266,1101,2.130
267,1,0.015
267,101,1.635
267,201,1.620
267,301,1.687
267,401,1.961
267,501,1.914
267,601,1.866
267,701,2.139
267,801,2.016
267,901,2.092
267,1001,2.148
267,1101,1.900
268,1,0.012
268,101,1.695
268,201,1.654
268,301,1.885
268,401,1.835
268,501,1.776
268,601,1.917
268,701,1.932
268,801,1.981
268,901,2.151
268,1001,2.017
268,1101,1.905
269,1,0.013
269,101,1.680
269,201,1.857
269,301,1.972
269,401,2.005
269,501,1.977
269,601,1.882
269,701,1.860
269,801,2.058
269,901,2.009
269,1001,1.972
269,1101,1.945
270,1,0.025
270,101,1.606
270,201,1.773
270,301,2.166
270,401,2.390
270,501,2.002
270,601,1.988
270,701,2.126
270,801,1.809
270,901,2.059
270,1001,2.088
270,1101,2.022
271,1,0.029
271,101,1.980
271,201,1.682
271,301,2.005
271,401,1.931
271,501,1.864
271,601,1.807
271,701,1.874
271,801,2.034
271,901,2.102
271,1001,1.953
271,1101,2.156
272,1,0.001
272,101,1.583
272,201,1.921
272,301,1.986
272,401,1.645
272,501,1.823
272,601,1.735
272,701,1.916
272,801,1.933
272,901,1.937
272,1001,2.025
272,1101,2.136
273,1,0.034
273,101,1.660
273,201,1.819
273,301,1.804
273,401,1.738
273,501,1.737
273,601,1.933
273,701,1.908
273,801,2.211
273,901,2.039
273,1001,2.017
273,1101,1.808
274,1,0.015
274,101,1.421
274,201,2.083
274,301,1.821
274,401,1.899
274,501,1.933
274,601,1.813
274,701,1.856
274,801,1.897
274,901,1.694
274,1001,2.053
274,1101,1.984
275,1,0.009
275,101,1.902
275,201,1.671
275,301,1.611
275,401,1.844
275,501,1.855
275,601,1.666
275,701,1.853
275,801,2.161
275,901,2.019
275,1001,1.978
275,1101,1.994
276,1,0.003
276,101,1.966
276,201,1.398
276,301,1.774
276,401,1.821
276,501,1.830
276,601,1.670
276,701,1.773
276,801,1.859
276,901,1.953
276,1001,2.014
276,1101,2.080
277,1,0.021
277,101,1.618
277,201,2.069
277,301,1.628
277,401,1.805
277,501,1.724
277,601,1.860
277,701,1.753
277,801,1.805
277,901,1.724
277,1001,1.698
277,1101,1.928
278,1,0.015
278,101,1.662
278,201,1.567
278,301,1.896
278,401,1.688
278,501,1.675
278,601,2.050
278,701,1.832
278,801,1.931
278,901,1.676
278,1001,1.906
278,1101,1.888
279,1,0.021
279,101,1.779
279,201,1.648
279,301,1.808
279,401,1.699
279,501,1.626
279,601,1.791
279,701,1.739
279,801,2.117
279,901,1.984
279,1001,2.022
279,1101,2.090
280,1,0.005
280,101,2.688
280,201,1.822
280,301,1.650
280,401,1.731
280,501,1.882
280,601,1.976
280,701,1.893
280,801,2.093
280,901,2.075
280,1001,2.171
280,1101,2.051
281,1,0.008
281,101,1.705
281,201,1.885
281,301,2.015
281,401,1.836
281,501,1.657
281,601,1.862
281,701,1.933
281,801,1.952
281,901,1.792
281,1001,2.058
281,1101,2.073
282,1,0.004
282,101,1.627
282,201,1.761
282,301,1.618
282,401,1.991
282,501,1.904
282,601,1.797
282,701,1.850
282,801,1.866
282,901,2.029
282,1001,1.952
282,1101,1.822
283,1,0.000
283,101,1.764
283,201,1.501
283,301,1.736
283,401,1.766
283,501,1.832
283,601,1.910
283,701,2.059
283,801,1.784
283,901,1.573
283,1001,2.184
283,1101,1.906
284,1,0.025
284,101,1.713
284,201,1.698
284,301,1.630
284,401,1.682
284,501,1.662
284,601,1.891
284,701,1.873
284,801,1.993
284,901,1.907
284,1001,2.028
284,1101,1.941
285,1,0.052
285,101,1.706
285,201,1.643
285,301,1.896
285,401,1.751
285,501,1.904
285,601,1.744
285,701,1.724
285,801,1.810
285,901,1.712
285,1001,1.853
285,1101,1.802
286,1,0.010
286,101,1.852
286,201,1.534
286,301,1.599
286,401,1.921
286,501,1.673
286,601,1.734
286,701,1.728
286,801,2.120
286,901,1.817
286,1001,2.001
286,1101,1.934
287,1,0.016
287,101,1.822
287,201,1.576
287,301,1.512
287,401,1.662
287,501,1.714
287,601,1.751
287,701,1.825
287,801,2.089
287,901,1.970
287,1001,1.934
287,1101,1.996
288,1,0.005
288,101,1.585
288,201,1.661
288,301,1.464
288,401,1.939
288,501,1.809
288,601,1.839
288,701,1.809
288,801,1.789
288,901,1.833
288,1001,1.919
288,1101,1.999
289,1,0.013
289,101,1.598
289,201,1.619
289,301,1.651
289,401,1.546
289,501,1.847
289,601,1.674
289,701,1.906
289,801,1.899
289,901,1.773
289,1001,2.015
289,1101,1.690
290,1,0.001
290,101,1.562
290,201,1.844
290,301,1.553
290,401,1.513
290,501,1.645
290,601,1.676
290,701,1.871
290,801,1.854
290,901,1.743
290,1001,1.897
290,1101,1.858
291,1,0.010
291,101,1.312
291,201,1.405
291,301,1.619
291,401,1.697
291,501,1.710
291,601,1.955
291,701,1.937
291,801,1.827
291,901,1.832
291,1001,1.726
291,1101,1.829
292,1,0.013
292,101,1.514
292,201,1.512
292,301,1.532
292,401,1.683
292,501,1.791
292,601,1.896
292,701,1.743
292,801,1.882
292,901,1.695
292,1001,1.823
292,1101,1.758
293,1,0.028
293,101,1.709
293,201,1.745
293,301,1.522
293,401,1.686
293,501,1.412
293,601,1.743
293,701,1.663
293,801,1.736
293,901,2.009
293,1001,1.893
293,1101,1.779
294,1,0.030
294,101,1.470
294,201,1.551
294,301,1.739
294,401,1.781
294,501,1.894
294,601,1.811
294,701,1.883
294,801,1.726
294,901,1.823
294,1001,1.799
294,1101,1.723
295,1,0.005
295,101,1.523
295,201,1.768
295,301,1.560
295,401,1.711
295,501,1.734
295,601,1.880
295,701,1.687
295,801,1.638
295,901,1.738
295,1001,1.771
295,1101,1.740
296,1,0.029
296,101,1.556
296,201,1.569
296,301,1.583
296,401,1.756
296,501,1.533
296,601,2.062
296,701,1.809
296,801,1.865
296,901,1.580
296,1001,1.818
296,1101,1.678
297,1,0.022
297,101,1.443
297,201,1.795
297,301,1.655
297,401,1.783
297,501,1.776
297,601,1.817
297,701,1.844
297,801,1.659
297,901,1.576
297,1001,1.504
297,1101,1.801
298,1,0.021
298,101,1.631
298,201,1.483
298,301,1.725
298,401,1.604
298,501,1.773
298,601,1.867
298,701,1.945
298,801,1.690
298,901,1.984
298,1001,1.843
298,1101,1.748
299,1,0.012
299,101,1.423
299,201,1.587
299,301,1.717
299,401,1.686
299,501,1.619
299,601,1.766
299,701,1.680
299,801,1.935
299,901,1.766
299,1001,1.781
299,1101,1.864
300,1,0.016
300,101,1.531
300,201,1.447
300,301,1.602
300,401,1.719
300,501,1.773
300,601,1.685
300,701,1.671
300,801,1.722
300,901,1.772
300,1001,1.644
300,1101,1.809
301,1,0.003
301,101,1.559
301,201,1.647
301,301,1.560
301,401,1.813
301,501,2.083
301,601,1.712
301,701,1.646
301,801,1.721
301,901,1.640
301,1001,1.832
301,1101,1.920
302,1,0.027
302,101,1.617
302,201,1.504
302,301,1.684
302,401,1.671
302,501,1.713
302,601,1.690
302,701,1.809
302,801,1.594
302,901,1.938
302,1001,1.850
302,1101,1.606
303,1,0.007
303,101,1.404
303,201,1.574
303,301,1.583
303,401,1.606
303,501,1.673
303,601,1.752
303,701,1.828
303,801,1.710
303,901,1.590
303,1001,1.877
303,1101,1.971
304,1,0.013
304,101,1.643
304,201,1.586
304,301,1.483
304,401,1.699
304,501,1.816
304,601,1.730
304,701,1.816
304,801,1.693
304,901,1.880
304,1001,1.666
304,1101,1.872
305,1,0.012
305,101,1.565
305,201,1.409
305,301,1.511
305,401,1.751
305,501,1.796
305,601,1.728
305,701,1.771
305,801,1.773
305,901,1.890
305,1001,1.807
305,1101,1.686
306,1,0.016
306,101,1.610
306,201,1.527
306,301,1.523
306,401,1.646
306,501,1.605
306,601,1.758
306,701,1.662
306,801,1.979
306,901,1.484
306,1001,1.850
306,1101,1.795
307,1,0.001
307,101,1.652
307,201,1.689
307,301,1.751
307,401,1.474
307,501,1.469
307,601,1.762
307,701,1.585
307,801,1.924
307,901,1.985
307,1001,1.617
307,1101,1.623
308,1,0.012
308,101,1.675
308,201,1.636
308,301,1.621
308,401,1.626
308,501,1.657
308,601,1.670
308,701,1.624
308,801,1.652
308,901,1.811
308,1001,1.787
308,1101,1.782
309,1,0.017
309,101,1.437
309,201,1.578
309,301,1.592
309,401,1.899
309,501,1.958
309,601,1.762
309,701,1.730
309,801,1.756
309,901,1.987
309,1001,1.762
309,1101,1.748
310,1,0.024
310,101,1.464
310,201,1.697
310,301,1.709
310,401,1.797
310,501,1.653
310,601,1.695
310,701,2.003
310,801,1.703
310,901,1.782
310,1001,1.899
310,1101,1.693
311,1,0.005
311,101,1.498
311,201,1.892
311,301,1.440
311,401,1.437
311,501,1.669
311,601,1.790
311,701,1.708
311,801,1.793
311,901,1.871
311,1001,1.816
311,1101,1.789
312,1,0.020
312,101,1.410
312,201,1.698
312,301,1.699
312,401,1.561
312,501,1.652
312,601,1.771
312,701,1.641
312,801,1.681
312,901,1.738
312,1001,1.541
312,1101,1.728
313,1,0.011
313,101,1.391
313,201,1.728
313,301,1.634
313,401,1.604
313,501,1.678
313,601,1.490
313,701,1.639
313,801,1.694
313,901,1.629
313,1001,1.820
313,1101,1.709
314,1,0.003
314,101,1.478
314,201,1.541
314,301,1.722
314,401,1.636
314,501,1.631
314,601,1.604
314,701,1.613
314,801,1.656
314,901,1.667
314,1001,1.745
314,1101,1.631
315,1,0.000
315,101,1.492
315,201,1.547
315,301,1.417
315,401,1.595
315,501,1.682
315,601,1.583
315,701,1.673
315,801,1.624
315,901,1.650
315,1001,1.956
315,1101,1.404
316,1,0.011
316,101,1.615
316,201,1.528
316,301,1.338
316,401,1.547
316,501,1.631
316,601,1.692
316,701,1.577
316,801,1.718
316,901,1.766
316,1001,1.865
316,1101,1.651
317,1,0.018
317,101,1.390
317,201,1.571
317,301,1.457
317,401,1.604
317,501,1.693
317,601,1.895
317,701,1.651
317,801,1.720
317,901,1.587
317,1001,1.735
317,1101,1.597
318,1,0.029
318,101,1.644
318,201,1.593
318,301,1.728
318,401,1.515
318,501,1.551
318,601,1.544
318,701,1.584
318,801,1.518
318,901,1.751
318,1001,1.732
318,1101,1.667
319,1,0.001
319,101,1.317
319,201,1.339
319,301,1.678
319,401,1.513
319,501,1.738
319,601,1.696
319,701,1.780
319,801,1.842
319,901,1.675
319,1001,1.693
319,1101,1.772
320,1,0.029
320,101,1.431
320,201,1.295
320,301,1.540
320,401,1.422
320,501,1.749
320,601,1.728
320,701,1.871
320,801,1.577
320,901,1.922
320,1001,1.855
320,1101,1.629
321,1,0.015
321,101,1.433
321,201,1.656
321,301,1.469
321,401,1.610
321,501,1.506
321,601,1.529
321,701,1.534
321,801,1.633
321,901,1.676
321,1001,1.887
321,1101,1.733
322,1,0.026
322,101,1.448
322,201,1.393
322,301,1.616
322,401,1.615
322,501,1.532
322,601,1.526
322,701,1.843
322,801,1.593
322,901,1.540
322,1001,1.705
322,1101,1.772
323,1,0.022
323,101,1.401
323,201,1.396
323,301,1.539
323,401,1.580
323,501,1.752
323,601,1.598
323,701,1.516
323,801,1.718
323,901,1.689
323,1001,1.495
323,1101,1.769
324,1,0.004
324,101,1.458
324,201,1.541
324,301,1.599
324,401,1.594
324,501,1.533
324,601,1.624
324,701,1.600
324,801,1.485
324,901,1.584
324,1001,1.483
324,1101,1.684
325,1,0.021
325,101,1.426
325,201,1.450
325,301,1.445
325,401,1.367
325,501,1.536
325,601,1.507
325,701,1.662
325,801,1.700
325,901,1.730
325,1001,1.687
325,1101,1.708
326,1,0.003
326,101,1.556
326,201,1.358
326,301,1.359
326,401,1.515
326,501,1.471
326,601,1.462
326,701,1.582
326,801,1.598
326,901,1.721
326,1001,1.602
326,1101,1.684
327,1,0.022
327,101,1.537
327,201,1.501
327,301,1.611
327,401,1.720
327,501,1.399
327,601,1.600
327,701,1.493
327,801,1.755
327,901,1.757
327,1001,1.586
327,1101,1.705
328,1,0.024
328,101,1.253
328,201,1.315
328,301,1.361
328,401,1.587
328,501,1.788
328,601,1.566
328,701,1.523
328,801,1.812
328,901,1.629
328,1001,1.660
328,1101,1.626
329,1,0.007
329,101,1.409
329,201,1.438
329,301,1.306
329,401,1.551
329,501,1.515
329,601,1.412
329,701,1.690
329,801,1.879
329,901,1.531
329,1001,1.726
329,1101,1.645
330,1,0.014
330,101,1.487
330,201,1.378
330,301,1.370
330,401,1.564
330,501,1.550
330,601,1.540
330,701,1.549
330,801,1.792
330,901,1.632
330,1001,1.736
330,1101,1.814
331,1,0.002
331,101,1.230
331,201,1.679
331,301,1.499
331,401,1.516
331,501,1.527
331,601,1.706
331,701,1.488
331,801,1.598
331,901,1.739
331,1001,1.604
331,1101,1.594
332,1,0.010
332,101,1.412
332,201,1.406
332,301,1.394
332,401,1.384
332,501,1.637
332,601,1.804
332,701,1.600
332,801,1.624
332,901,1.517
332,1001,1.701
332,1101,1.679
333,1,0.014
333,101,1.587
333,201,1.476
333,301,1.614
333,401,1.500
333,501,1.742
333,601,1.513
333,701,1.540
333,801,1.724
333,901,1.721
333,1001,1.713
333,1101,1.636
334,1,0.006
334,101,1.372
334,201,1.576
334,301,1.343
334,401,1.534
334,501,1.737
334,601,1.486
334,701,1.510
334,801,1.577
334,901,1.685
334,1001,1.642
334,1101,1.570
335,1,0.001
335,101,1.377
335,201,1.381
335,301,1.640
335,401,1.507
335,501,1.419
335,601,1.654
335,701,1.611
335,801,1.524
335,901,1.706
335,1001,1.670
335,1101,1.877
336,1,0.025
336,101,1.551
336,201,1.499
336,301,1.387
336,401,1.427
336,501,1.415
336,601,1.574
336,701,1.500
336,801,1.631
336,901,1.788
336,1001,1.668
336,1101,1.636
337,1,0.092
337,101,1.534
337,201,1.382
337,301,1.459
337,401,1.371
337,501,1.630
337,601,1.729
337,701,1.732
337,801,1.529
337,901,1.705
337,1001,1.722
337,1101,1.715
338,1,0.021
338,101,1.458
338,201,1.573
338,301,1.596
338,401,1.302
338,501,1.299
338,601,1.505
338,701,1.558
338,801,1.778
338,901,1.729
338,1001,1.678
338,1101,1.694
339,1,0.012
339,101,1.437
339,201,1.394
339,301,1.574
339,401,1.476
339,501,1.570
339,601,1.427
339,701,1.601
339,801,1.492
339,901,1.709
339,1001,1.451
339,1101,1.610
340,1,0.018
340,101,1.275
340,201,1.328
340,301,1.414
340,401,1.428
340,501,1.570
340,601,1.440
340,701,1.560
340,801,1.844
340,901,1.652
340,1001,1.660
340,1101,1.502
341,1,0.000
341,101,1.342
341,201,1.363
341,301,1.595
341,401,1.560
341,501,1.500
341,601,1.464
341,701,1.716
341,801,1.495
341,901,1.550
341,1001,1.816
341,1101,1.762
342,1,0.020
342,101,1.438
342,201,1.489
342,301,1.604
342,401,1.639
342,501,1.666
342,601,1.399
342,701,1.402
342,801,1.625
342,901,1.718
342,1001,1.651
342,1101,1.514
343,1,0.014
343,101,1.262
343,201,1.600
343,301,1.344
343,401,1.472
343,501,1.443
343,601,1.637
343,701,1.525
343,801,1.732
343,901,1.441
343,1001,1.581
343,1101,1.790
344,1,0.013
344,101,1.284
344,201,1.533
344,301,1.366
344,401,1.435
344,501,1.604
344,601,1.415
344,701,1.617
344,801,1.634
344,901,1.628
344,1001,1.628
344,1101,2.020
345,1,0.004
345,101,1.474
345,201,1.272
345,301,1.599
345,401,1.487
345,501,1.576
345,601,1.430
345,701,1.358
345,801,1.475
345,901,1.525
345,1001,1.516
345,1101,1.745
346,1,0.002
346,101,1.260
346,201,1.397
346,301,1.330
346,401,1.613
346,501,1.647
346,601,1.636
346,701,1.646
346,801,1.590
346,901,1.632
346,1001,1.506
346,1101,1.525
347,1,0.006
347,101,1.244
347,201,1.439
347,301,1.398
347,401,1.339
347,501,1.593
347,601,1.601
347,701,1.547
347,801,1.801
347,901,1.620
347,1001,1.448
347,1101,1.614
348,1,0.002
348,101,1.319
348,201,1.181
348,301,1.446
348,401,1.446
348,501,1.484
348,601,1.662
348,701,1.664
348,801,1.575
348,901,1.794
348,1001,1.535
348,1101,1.706
349,1,0.006
349,101,1.424
349,201,1.401
349,301,1.677
349,401,1.418
349,501,1.505
349,601,1.509
349,701,1.761
349,801,1.611
349,901,1.616
349,1001,1.859
349,1101,1.795
350,1,0.033
350,101,1.332
350,201,1.475
350,301,1.421
350,401,1.487
350,501,1.498
350,601,1.496
350,701,1.607
350,801,1.390
350,901,1.626
350,1001,1.531
350,1101,1.907
351,1,0.012
351,101,1.453
351,201,1.505
351,301,1.325
351,401,1.645
351,501,1.453
351,601,1.581
351,701,1.566
351,801,1.448
351,901,1.611
351,1001,1.608
351,1101,1.545
352,1,0.025
352,101,1.358
352,201,1.258
352,301,1.391
352,401,1.403
352,501,1.629
352,601,1.594
352,701,1.552
352,801,1.518
352,901,1.622
352,1001,1.548
352,1101,1.671
353,1,0.014
353,101,1.433
353,201,1.497
353,301,1.404
353,401,1.314
353,501,1.265
353,601,1.557
353,701,1.657
353,801,1.584
353,901,1.457
353,1001,1.502
353,1101,1.893
354,1,0.012
354,101,1.358
354,201,1.414
354,301,1.448
354,401,1.460
354,501,1.333
354,601,1.569
354,701,1.938
354,801,1.699
354,901,1.562
354,1001,1.509
354,1101,1.527
355,1,0.039
355,101,1.240
355,201,1.302
355,301,1.528
355,401,1.644
355,501,1.556
355,601,1.469
355,701,1.499
355,801,1.411
355,901,1.466
355,1001,1.473
355,1101,1.770
356,1,0.036
356,101,1.229
356,201,1.265
356,301,1.414
356,401,1.409
356,501,1.435
356,601,1.529
356,701,1.596
356,801,1.616
356,901,1.722
356,1001,1.435
356,1101,1.718
357,1,0.014
357,101,1.471
357,201,1.629
357,301,1.404
357,401,1.268
357,501,1.426
357,601,1.348
357,701,1.338
357,801,1.474
357,901,1.668
357,1001,1.409
357,1101,1.788
358,1,0.003
358,101,1.448
358,201,1.223
358,301,1.391
358,401,1.310
358,501,1.418
358,601,1.494
358,701,1.357
358,801,1.502
358,901,1.475
358,1001,1.759
358,1101,1.614
359,1,0.011
359,101,1.383
359,201,1.269
359,301,1.426
359,401,1.365
359,501,1.666
359,601,1.399
359,701,1.420
359,801,1.500
359,901,1.457
359,1001,1.486
359,1101,1.582
360,1,0.017
360,101,1.218
360,201,1.335
360,301,1.181
360,401,1.361
360,501,1.343
360,601,1.506
360,701,1.550
360,801,1.479
360,901,1.527
360,1001,1.525
360,1101,1.654
361,1,0.011
361,101,1.248
361,201,1.574
361,301,1.535
361,401,1.427
361,501,1.522
361,601,1.417
361,701,1.392
361,801,1.449
361,901,1.321
361,1001,1.581
361,1101,1.464
362,1,0.000
362,101,1.282
362,201,1.365
362,301,1.555
362,401,1.305
362,501,1.340
362,601,1.422
362,701,1.536
362,801,1.645
362,901,1.615
362,1001,1.393
362,1101,1.556
363,1,0.000
363,101,1.164
363,201,1.467
363,301,1.403
363,401,1.357
363,501,1.266
363,601,1.607
363,701,1.510
363,801,1.359
363,901,1.458
363,1001,1.539
363,1101,1.616
364,1,0.014
364,101,1.364
364,201,1.376
364,301,1.370
364,401,1.455
364,501,1.453
364,601,1.485
364,701,1.574
364,801,1.440
364,901,1.550
364,1001,1.383
364,1101,1.520
365,1,0.006
365,101,1.565
365,201,1.371
365,301,1.478
365,401,1.374
365,501,1.346
365,601,1.365
365,701,1.456
365,801,1.430
365,901,1.630
365,1001,1.579
365,1101,1.823
366,1,0.010
366,101,1.225
366,201,1.317
366,301,1.179
366,401,1.510
366,501,1.555
366,601,1.432
366,701,1.396
366,801,1.524
366,901,1.692
366,1001,1.538
366,1101,1.733
367,1,0.011
367,101,1.259
367,201,1.381
367,301,1.444
367,401,1.458
367,501,1.351
367,601,1.591
367,701,1.544
367,801,1.547
367,901,1.579
367,1001,1.606
367,1101,1.507
368,1,0.029
368,101,1.278
368,201,1.375
368,301,1.457
368,401,1.589
368,501,1.562
368,601,1.468
368,701,1.265
368,801,1.604
368,901,1.293
368,1001,1.736
368,1101,1.590
369,1,0.009
369,101,1.399
369,201,1.462
369,301,1.519
369,401,1.329
369,501,1.524
369,601,1.386
369,701,1.507
369,801,1.406
369,901,1.421
369,1001,1.636
369,1101,1.471
370,1,0.014
370,101,1.238
370,201,1.383
370,301,1.546
370,401,1.473
370,501,1.425
370,601,1.433
370,701,1.376
370,801,1.638
370,901,1.621
370,1001,1.461
370,1101,1.436
371,1,0.026
371,101,1.306
371,201,1.128
371,301,1.604
371,401,1.455
371,501,1.641
371,601,1.488
371,701,1.516
371,801,1.370
371,901,1.523
371,1001,3.466
371,1101,1.721
372,1,0.012
372,101,1.326
372,201,1.599
372,301,1.542
372,401,1.409
372,501,2.044
372,601,1.570
372,701,1.667
372,801,1.568
372,901,1.521
372,1001,1.706
372,1101,1.868
373,1,0.012
373,101,1.495
373,201,1.342
373,301,1.552
373,401,1.649
373,501,1.418
373,601,1.732
373,701,1.657
373,801,1.773
373,901,1.643
373,1001,1.575
373,1101,1.574
374,1,0.010
374,101,1.387
374,201,1.230
374,301,1.306
374,401,1.360
374,501,1.464
374,601,1.499
374,701,1.433
374,801,1.554
374,901,1.708
374,1001,1.594
374,1101,1.567
375,1,0.032
375,101,1.307
375,201,1.375
375,301,1.227
375,401,1.696
375,501,1.446
375,601,1.473
375,701,1.552
375,801,1.671
375,901,1.482
375,1001,1.583
375,1101,1.581
376,1,0.007
376,101,1.231
376,201,1.236
376,301,1.317
376,401,1.377
376,501,1.513
376,601,1.521
376,701,1.438
376,801,1.533
376,901,1.409
376,1001,1.725
376,1101,1.447
377,1,0.015
377,101,1.182
377,201,1.285
377,301,1.416
377,401,1.346
377,501,1.547
377,601,1.333
377,701,1.519
377,801,1.484
377,901,1.448
377,1001,1.597
377,1101,1.650
378,1,0.017
378,101,1.203
378,201,1.291
378,301,1.267
378,401,1.325
378,501,1.560
378,601,1.676
378,701,1.305
378,801,1.284
378,901,1.602
378,1001,1.704
378,1101,1.342
379,1,0.012
379,101,1.578
379,201,1.392
379,301,1.400
379,401,1.421
379,501,1.272
379,601,1.269
379,701,1.332
379,801,1.576
379,901,1.482
379,1001,1.602
379,1101,1.638
380,1,0.020
380,101,1.515
380,201,1.236
380,301,1.263
380,401,1.375
380,501,1.470
380,601,1.311
380,701,1.602
380,801,1.397
380,901,1.425
380,1001,1.429
380,1101,1.569
381,1,0.006
381,101,1.196
381,201,1.232
381,301,1.403
381,401,1.116
381,501,1.183
381,601,1.414
381,701,1.477
381,801,1.582
381,901,1.688
381,1001,1.624
381,1101,1.529
382,1,0.001
382,101,1.267
382,201,1.229
382,301,1.141
382,401,1.498
382,501,1.327
382,601,1.306
382,701,1.385
382,801,1.541
382,901,1.651
382,1001,1.612
382,1101,1.681
383,1,0.011
383,101,1.372
383,201,1.308
383,301,1.145
383,401,1.191
383,501,1.274
383,601,1.703
383,701,1.460
383,801,1.514
383,901,1.564
383,1001,1.572
383,1101,1.488
384,1,0.028
384,101,1.163
384,201,1.247
384,301,1.243
384,401,1.379
384,501,1.450
384,601,1.417
384,701,1.262
384,801,1.640
384,901,1.567
384,1001,1.579
384,1101,1.630
385,1,0.008
385,101,1.270
385,201,1.293
385,301,1.300
385,401,1.329
385,501,1.409
385,601,1.468
385,701,1.306
385,801,1.594
385,901,1.406
385,1001,1.387
385,1101,1.447
386,1,0.012
386,101,1.235
386,201,1.319
386,301,1.303
386,401,1.400
386,501,1.426
386,601,1.530
386,701,1.394
386,801,1.547
386,901,1.625
386,1001,1.516
386,1101,1.668
387,1,0.021
387,101,1.291
387,201,1.341
387,301,1.448
387,401,1.379
387,501,1.592
387,601,1.434
387,701,1.502
387,801,1.519
387,901,1.535
387,1001,1.388
387,1101,1.436
388,1,0.007
388,101,1.191
388,201,1.257
388,301,1.201
388,401,1.325
388,501,1.440
388,601,1.721
388,701,1.467
388,801,1.662
388,901,1.353
388,1001,1.530
388,1101,1.380
389,1,0.009
389,101,1.340
389,201,1.242
389,301,1.296
389,401,1.481
389,501,1.434
389,601,1.494
389,701,1.511
389,801,1.477
389,901,1.433
389,1001,1.466
389,1101,1.488
390,1,0.020
390,101,1.226
390,201,1.263
390,301,1.285
390,401,1.293
390,501,1.327
390,601,1.535
390,701,1.491
390,801,1.353
390,901,1.423
390,1001,1.481
390,1101,1.444
391,1,0.003
391,101,1.268
391,201,1.306
391,301,1.408
391,401,1.467
391,501,1.567
391,601,1.287
391,701,1.462
391,801,1.402
391,901,1.430
391,1001,1.517
391,1101,1.421
392,1,0.015
392,101,1.071
392,201,1.178
392,301,1.174
392,401,1.411
392,501,1.251
392,601,1.383
392,701,1.479
392,801,1.380
392,901,1.618
392,1001,1.393
392,1101,1.835
393,1,0.023
393,101,1.226
393,201,1.152
393,301,1.383
393,401,1.285
393,501,1.409
393,601,1.602
393,701,1.603
393,801,1.415
393,901,1.434
393,1001,1.346
393,1101,1.482
394,1,0.001
394,101,1.293
394,201,1.406
394,301,1.240
394,401,1.679
394,501,1.245
394,601,1.254
394,701,1.341
394,801,1.361
394,901,1.479
394,1001,1.414
394,1101,1.493
395,1,0.003
395,101,1.227
395,201,1.216
395,301,1.370
395,401,1.448
395,501,1.293
395,601,1.548
395,701,1.559
395,801,1.316
395,901,1.466
395,1001,1.588
395,1101,1.577
396,1,0.009
396,101,1.214
396,201,1.318
396,301,1.423
396,401,1.237
396,501,1.430
396,601,1.402
396,701,1.445
396,801,1.498
396,901,1.248
396,1001,1.571
396,1101,1.462
397,1,0.006
397,101,1.407
397,201,1.375
397,301,1.294
397,401,1.229
397,501,1.560
397,601,1.250
397,701,1.576
397,801,1.349
397,901,1.366
397,1001,1.438
397,1101,1.411
398,1,0.012
398,101,1.098
398,201,1.386
398,301,1.328
398,401,1.378
398,501,1.312
398,601,1.388
398,701,1.423
398,801,1.507
398,901,1.376
398,1001,1.465
398,1101,1.490
399,1,0.012
399,101,1.342
399,201,1.284
399,301,1.240
399,401,1.278
399,501,1.328
399,601,1.448
399,701,1.426
399,801,1.415
399,901,1.506
399,1001,1.419
399,1101,1.501
400,1,0.009
400,101,1.186
400,201,1.289
400,301,1.294
400,401,1.266
400,501,1.362
400,601,1.304
400,701,1.414
400,801,1.570
400,901,1.451
400,1001,1.617
400,1101,1.380
401,1,0.008
401,101,1.347
401,201,1.223
401,301,1.114
401,401,1.281
401,501,1.486
401,601,1.287
401,701,1.409
401,801,1.315
401,901,1.478
401,1001,1.296
401,1101,1.313
402,1,0.013
402,101,1.119
402,201,1.102
402,301,1.191
402,401,1.372
402,501,1.281
402,601,1.209
402,701,1.429
402,801,1.520
402,901,1.301
402,1001,1.314
402,1101,1.554
403,1,0.015
403,101,1.388
403,201,1.126
403,301,1.261
403,401,1.301
403,501,1.215
403,601,1.490
403,701,1.481
403,801,1.315
403,901,1.304
403,1001,1.347
403,1101,1.460
404,1,0.007
404,101,1.180
404,201,1.235
404,301,1.336
404,401,1.370
404,501,1.295
404,601,1.345
404,701,1.273
404,801,1.402
404,901,1.378
404,1001,1.491
404,1101,1.453
405,1,0.009
405,101,1.019
405,201,1.199
405,301,1.468
405,401,1.340
405,501,1.347
405,601,1.193
405,701,1.192
405,801,1.296
405,901,1.429
405,1001,1.372
405,1101,1.738
406,1,0.014
406,101,1.217
406,201,1.285
406,301,1.355
406,401,1.223
406,501,1.269
406,601,1.309
406,701,1.354
406,801,1.433
406,901,1.373
406,1001,1.446
406,1101,1.602
407,1,0.008
407,101,1.234
407,201,1.265
407,301,1.260
407,401,1.185
407,501,1.380
407,601,1.302
407,701,1.277
407,801,1.306
407,901,1.359
407,1001,1.757
407,1101,1.387
408,1,0.017
408,101,1.200
408,201,1.179
408,301,1.143
408,401,1.470
408,501,1.385
408,601,1.463
408,701,1.227
408,801,1.286
408,901,1.268
408,1001,1.564
408,1101,1.488
409,1,0.008
409,101,1.244
409,201,1.272
409,301,1.226
409,401,1.301
409,501,1.359
409,601,1.414
409,701,1.449
409,801,1.296
409,901,1.472
409,1001,1.289
409,1101,1.506
410,1,0.016
410,101,1.196
410,201,1.329
410,301,1.307
410,401,1.355
410,501,1.226
410,601,1.250
410,701,1.302
410,801,1.416
410,901,1.381
410,1001,1.449
410,1101,1.350
411,1,0.020
411,101,1.145
411,201,1.187
411,301,1.268
411,401,1.155
411,501,1.270
411,601,1.406
411,701,1.375
411,801,1.363
411,901,1.406
411,1001,1.470
411,1101,1.510
412,1,0.023
412,101,1.269
412,201,1.383
412,301,1.359
412,401,1.353
412,501,1.235
412,601,1.346
412,701,1.441
412,801,1.297
412,901,1.175
412,1001,1.505
412,1101,1.626
413,1,0.019
413,101,1.195
413,201,1.385
413,301,1.198
413,401,1.349
413,501,1.274
413,601,1.337
413,701,1.371
413,801,1.472
413,901,1.297
413,1001,1.403
413,1101,1.303
414,1,0.018
414,101,1.174
414,201,1.155
414,301,1.359
414,401,1.296
414,501,1.310
414,601,1.233
414,701,1.385
414,801,1.290
414,901,1.321
414,1001,1.339
414,1101,1.489
415,1,0.012
415,101,1.264
415,201,1.264
415,301,1.214
415,401,1.243
415,501,1.295
415,601,1.300
415,701,1.463
415,801,1.496
415,901,1.241
415,1001,1.428
415,1101,1.361
416,1,0.000
416,101,1.084
416,201,1.260
416,301,1.105
416,401,1.337
416,501,1.389
416,601,1.419
416,701,1.434
416,801,1.414
416,901,1.354
416,1001,1.415
416,1101,1.316
417,1,0.007
417,101,1.302
417,201,1.095
417,301,1.256
417,401,1.311
417,501,1.335
417,601,1.295
417,701,1.544
417,801,1.400
417,901,1.480
417,1001,1.317
417,1101,1.280
418,1,0.012
418,101,1.148
418,201,1.132
418,301,1.358
418,401,1.331
418,501,1.124
418,601,1.315
418,701,1.347
418,801,1.378
418,901,1.363
418,1001,1.437
418,1101,1.451
419,1,0.004
419,101,1.178
419,201,1.211
419,301,1.280
419,401,1.293
419,501,1.277
419,601,1.449
419,701,1.511
419,801,1.386
419,901,1.348
419,1001,1.354
419,1101,1.454
420,1,0.006
420,101,1.091
420,201,1.186
420,301,1.346
420,401,1.414
420,501,1.151
420,601,1.312
420,701,1.284
420,801,1.417
420,901,1.483
420,1001,1.437
420,1101,1.187
421,1,0.019
421,101,1.093
421,201,1.147
421,301,1.209
421,401,1.282
421,501,1.258
421,601,1.467
421,701,1.514
421,801,1.420
421,901,1.317
421,1001,1.241
421,1101,1.592
422,1,0.006
422,101,1.236
422,201,1.363
422,301,1.231
422,401,1.236
422,501,1.415
422,601,1.311
422,701,1.431
422,801,1.377
422,901,1.445
422,1001,1.398
422,1101,1.298
423,1,0.020
423,101,1.192
423,201,1.149
423,301,1.299
423,401,1.235
423,501,1.274
423,601,1.383
423,701,1.400
423,801,1.171
423,901,1.411
423,1001,1.508
423,1101,1.362
424,1,0.017
424,101,1.126
424,201,1.072
424,301,1.230
424,401,1.372
424,501,1.193
424,601,1.319
424,701,1.351
424,801,1.219
424,901,1.573
424,1001,1.285
424,1101,1.270
425,1,0.008
425,101,1.069
425,201,1.245
425,301,1.614
425,401,1.217
425,501,1.319
425,601,1.327
425,701,1.351
425,801,1.411
425,901,1.258
425,1001,1.147
425,1101,1.302
426,1,0.013
426,101,1.161
426,201,1.233
426,301,1.293
426,401,1.148
426,501,1.265
426,601,1.236
426,701,1.242
426,801,1.241
426,901,1.354
426,1001,1.372
426,1101,1.551
427,1,0.001
427,101,1.068
427,201,1.179
427,301,1.309
427,401,1.235
427,501,1.368
427,601,1.350
427,701,1.450
427,801,1.438
427,901,1.398
427,1001,1.229
427,1101,1.287
428,1,0.000
428,101,1.173
428,201,1.143
428,301,1.139
428,401,1.207
428,501,1.224
428,601,1.271
428,701,1.365
428,801,1.407
428,901,1.338
428,1001,1.380
428,1101,1.315
429,1,0.008
429,101,1.191
429,201,1.133
429,301,1.153
429,401,1.325
429,501,1.349
429,601,1.160
429,701,1.313
429,801,1.393
429,901,1.259
429,1001,1.348
429,1101,1.261
430,1,0.010
430,101,1.178
430,201,1.233
430,301,1.220
430,401,1.254
430,501,1.385
430,601,1.151
430,701,1.338
430,801,1.298
430,901,1.486
430,1001,1.235
430,1101,1.383
431,1,0.001
431,101,1.108
431,201,1.200
431,301,1.077
431,401,1.290
431,501,1.359
431,601,1.373
431,701,1.381
431,801,1.381
431,901,1.221
431,1001,1.385
431,1101,1.392
432,1,0.048
432,101,1.180
432,201,1.367
432,301,1.036
432,401,1.275
432,501,1.107
432,601,1.170
432,701,1.323
432,801,1.385
432,901,1.353
432,1001,1.482
432,1101,1.332
433,1,0.016
433,101,1.190
433,201,1.103
433,301,1.206
433,401,1.251
433,501,1.109
433,601,1.363
433,701,1.215
433,801,1.125
433,901,1.345
433,1001,1.283
433,1101,1.548
434,1,0.007
434,101,1.334
434,201,1.109
434,301,1.243
434,401,1.260
434,501,1.327
434,601,1.422
434,701,1.369
434,801,1.273
434,901,1.443
434,1001,1.368
434,1101,1.112
435,1,0.009
435,101,1.226
435,201,1.201
435,301,1.294
435,401,1.360
435,501,1.464
435,601,1.264
435,701,1.252
435,801,1.470
435,901,1.332
435,1001,1.272
435,1101,1.478
436,1,0.020
436,101,1.211
436,201,1.212
436,301,1.113
436,401,1.134
436,501,1.212
436,601,1.243
436,701,1.312
436,801,1.465
436,901,1.386
436,1001,1.468
436,1101,1.404
437,1,0.007
437,101,1.115
437,201,1.158
437,301,1.216
437,401,1.139
437,501,1.287
437,601,1.370
437,701,1.250
437,801,1.257
437,901,1.221
437,1001,1.264
437,1101,1.501
438,1,0.015
438,101,1.100
438,201,1.080
438,301,1.166
438,401,1.199
438,501,1.282
438,601,1.293
438,701,1.260
438,801,1.398
438,901,1.361
438,1001,1.289
438,1101,1.294
439,1,0.004
439,101,1.368
439,201,1.345
439,301,1.133
439,401,1.220
439,501,1.245
439,601,1.287
439,701,1.214
439,801,1.196
439,901,1.209
439,1001,1.291
439,1101,1.185
440,1,0.000
440,101,1.160
440,201,1.048
440,301,1.252
440,401,1.129
440,501,1.263
440,601,1.514
440,701,1.269
440,801,1.261
440,901,1.380
440,1001,1.344
440,1101,1.173
441,1,0.019
441,101,1.114
441,201,1.098
441,301,1.062
441,401,1.210
441,501,1.137
441,601,1.277
441,701,1.215
441,801,1.373
441,901,1.298
441,1001,1.248
441,1101,1.571
442,1,0.022
442,101,1.449
442,201,1.288
442,301,1.298
442,401,1.109
442,501,1.169
442,601,1.241
442,701,1.316
442,801,1.338
442,901,1.352
442,1001,1.547
442,1101,1.327
443,1,0.025
443,101,1.167
443,201,1.104
443,301,1.088
443,401,1.349
443,501,1.222
443,601,1.304
443,701,1.428
443,801,1.197
443,901,1.251
443,1001,1.444
443,1101,1.339
444,1,0.002
444,101,1.126
444,201,1.223
444,301,1.065
444,401,1.134
444,501,1.136
444,601,1.597
444,701,1.365
444,801,0.995
444,901,1.338
444,1001,1.375
444,1101,1.279
445,1,0.063
445,101,2.031
445,201,1.248
445,301,1.095
445,401,1.253
445,501,1.335
445,601,1.429
445,701,1.285
445,801,1.248
445,901,1.294
445,1001,1.383
445,1101,1.339
446,1,0.002
446,101,1.200
446,201,1.217
446,301,1.261
446,401,1.205
446,501,1.268
446,601,1.256
446,701,1.349
446,801,1.418
446,901,1.302
446,1001,1.352
446,1101,1.129
447,1,0.017
447,101,1.137
447,201,1.125
447,301,1.278
447,401,1.347
447,501,1.265
447,601,1.129
447,701,1.123
447,801,1.376
447,901,1.459
447,1001,1.390
447,1101,1.383
448,1,0.024
448,101,1.128
448,201,1.105
448,301,1.266
448,401,1.202
448,501,1.162
448,601,1.243
448,701,1.282
448,801,1.455
448,901,1.239
448,1001,1.344
448,1101,1.154
449,1,0.031
449,101,1.127
449,201,1.237
449,301,1.160
449,401,1.203
449,501,1.277
449,601,1.233
449,701,1.248
449,801,1.270
449,901,1.374
449,1001,1.084
449,1101,1.309
450,1,0.007
450,101,1.093
450,201,1.049
450,301,1.070
450,401,1.273
450,501,1.285
450,601,1.419
450,701,1.207
450,801,1.309
450,901,1.384
450,1001,1.370
450,1101,1.364
451,1,0.008
451,101,1.100
451,201,1.239
451,301,1.176
451,401,1.228
451,501,1.143
451,601,1.169
451,701,1.335
451,801,1.310
451,901,1.457
451,1001,1.479
451,1101,1.238
452,1,0.000
452,101,1.206
452,201,1.127
452,301,1.081
452,401,1.246
452,501,1.176
452,601,1.239
452,701,1.167
452,801,1.356
452,901,1.290
452,1001,1.344
452,1101,1.303
453,1,0.000
453,101,1.250
453,201,1.112
453,301,1.070
453,401,1.008
453,501,1.159
453,601,1.288
453,701,1.352
453,801,1.375
453,901,1.227
453,1001,1.354
453,1101,1.387
454,1,0.006
454,101,1.137
454,201,1.267
454,301,1.154
454,401,1.191
454,501,1.187
454,601,1.195
454,701,1.124
454,801,1.413
454,901,1.246
454,1001,1.188
454,1101,1.443
455,1,0.010
455,101,1.173
455,201,1.146
455,301,1.313
455,401,1.191
455,501,1.091
455,601,1.129
455,701,1.425
455,801,1.191
455,901,1.004
455,1001,1.416
455,1101,1.406
456,1,0.007
456,101,1.021
456,201,1.124
456,301,1.199
456,401,1.329
456,501,1.464
456,601,1.280
456,701,1.246
456,801,1.208
456,901,1.199
456,1001,1.254
456,1101,1.295
457,1,0.010
457,101,1.215
457,201,1.195
457,301,0.989
457,401,1.145
457,501,1.118
457,601,1.377
457,701,1.282
457,801,1.365
457,901,1.265
457,1001,1.106
457,1101,1.238
458,1,0.007
458,101,1.093
458,201,1.069
458,301,1.065
458,401,1.150
458,501,1.232
458,601,1.199
458,701,1.191
458,801,1.290
458,901,1.495
458,1001,1.338
458,1101,1.270
459,1,0.007
459,101,1.099
459,201,1.095
459,301,1.198
459,401,1.116
459,501,1.363
459,601,1.340
459,701,1.196
459,801,1.161
459,901,1.003
459,1001,1.246
459,1101,1.584
460,1,0.007
460,101,0.986
460,201,1.205
460,301,1.166
460,401,1.169
460,501,1.261
460,601,1.296
460,701,1.383
460,801,1.209
460,901,1.295
460,1001,1.408
460,1101,1.241
461,1,0.016
461,101,1.248
461,201,0.920
461,301,1.147
461,401,1.204
461,501,1.234
461,601,1.137
461,701,1.351
461,801,1.201
461,901,1.250
461,1001,1.352
461,1101,1.305
462,1,0.027
462,101,1.069
462,201,1.034
462,301,1.080
462,401,1.028
462,501,1.106
462,601,1.097
462,701,1.332
462,801,1.199
462,901,1.452
462,1001,1.208
462,1101,1.291
463,1,0.012
463,101,1.074
463,201,1.042
463,301,1.378
463,401,1.372
463,501,1.045
463,601,1.213
463,701,1.213
463,801,1.025
463,901,1.132
463,1001,1.280
463,1101,1.324
464,1,0.015
464,101,1.054
464,201,1.106
464,301,1.320
464,401,1.228
464,501,1.310
464,601,1.340
464,701,1.312
464,801,1.277
464,901,1.132
464,1001,1.275
464,1101,1.172
465,1,0.006
465,101,1.206
465,201,1.340
465,301,1.306
465,401,1.059
465,501,1.103
465,601,1.260
465,701,1.188
465,801,1.011
465,901,1.328
465,1001,1.344
465,1101,1.261
466,1,0.000
466,101,1.202
466,201,1.020
466,301,1.068
466,401,1.233
466,501,1.346
466,601,1.068
466,701,1.148
466,801,1.264
466,901,1.169
466,1001,1.256
466,1101,1.323
467,1,0.009
467,101,1.132
467,201,1.158
467,301,1.161
467,401,1.106
467,501,1.129
467,601,1.182
467,701,1.193
467,801,1.324
467,901,1.159
467,1001,1.343
467,1101,1.160
468,1,0.013
468,101,1.112
468,201,0.962
468,301,1.071
468,401,1.071
468,501,1.148
468,601,1.077
468,701,1.104
468,801,1.421
468,901,1.303
468,1001,1.139
468,1101,1.331
469,1,0.028
469,101,0.931
469,201,1.055
469,301,1.083
469,401,1.299
469,501,1.229
469,601,1.380
469,701,1.172
469,801,1.150
469,901,1.160
469,1001,1.362
469,1101,1.156
470,1,0.006
470,101,1.136
470,201,1.029
470,301,1.072
470,401,1.297
470,501,1.356
470,601,1.253
470,701,1.289
470,801,1.198
470,901,1.208
470,1001,1.177
470,1101,1.156
471,1,0.003
471,101,1.137
471,201,1.252
471,301,0.943
471,401,1.159
471,501,1.177
471,601,1.164
471,701,1.183
471,801,1.193
471,901,1.146
471,1001,1.345
471,1101,1.205
472,1,0.027
472,101,1.077
472,201,1.289
472,301,1.129
472,401,1.276
472,501,0.949
472,601,1.109
472,701,1.184
472,801,1.381
472,901,1.154
472,1001,1.293
472,1101,1.360
473,1,0.001
473,101,0.914
473,201,0.983
473,301,1.109
473,401,1.140
473,501,1.203
473,601,1.124
473,701,1.204
473,801,1.185
473,901,1.210
473,1001,1.232
473,1101,1.443
474,1,0.012
474,101,0.963
474,201,1.066
474,301,1.055
474,401,1.362
474,501,1.235
474,601,1.201
474,701,1.270
474,801,1.137
474,901,1.377
474,1001,1.183
474,1101,1.242
475,1,0.003
475,101,1.087
475,201,1.025
475,301,1.122
475,401,1.186
475,501,1.099
475,601,1.066
475,701,1.203
475,801,1.215
475,901,1.203
475,1001,1.394
475,1101,1.337
476,1,0.010
476,101,0.991
476,201,1.139
476,301,1.107
476,401,1.160
476,501,1.148
476,601,1.146
476,701,1.130
476,801,1.270
476,901,1.370
476,1001,1.207
476,1101,1.335
477,1,0.000
477,101,1.099
477,201,1.210
477,301,1.118
477,401,1.245
477,501,1.341
477,601,1.148
477,701,1.433
477,801,1.362
477,901,1.170
477,1001,1.255
477,1101,1.177
478,1,0.008
478,101,1.066
478,201,0.984
478,301,1.140
478,401,1.187
478,501,1.235
478,601,1.258
478,701,1.287
478,801,1.163
478,901,1.217
478,1001,1.308
478,1101,1.284
479,1,0.005
479,101,0.945
479,201,1.025
479,301,1.204
479,401,1.265
479,501,1.047
479,601,1.186
479,701,1.225
479,801,1.075
479,901,1.199
479,1001,1.555
479,1101,1.158
480,1,0.000
480,101,1.052
480,201,1.066
480,301,0.883
480,401,1.164
480,501,1.190
480,601,1.272
480,701,1.414
480,801,1.261
480,901,1.247
480,1001,1.305
480,1101,1.206
481,1,0.009
481,101,1.128
481,201,0.987
481,301,1.072
481,401,1.177
481,501,1.400
481,601,1.158
481,701,1.214
481,801,1.094
481,901,1.296
481,1001,1.095
481,1101,1.436
482,1,0.010
482,101,0.987
482,201,0.991
482,301,1.030
482,401,1.127
482,501,1.098
482,601,1.301
482,701,1.173
482,801,1.257
482,901,1.211
482,1001,1.357
482,1101,1.290
483,1,0.008
483,101,1.047
483,201,1.153
483,301,1.128
483,401,1.118
483,501,1.257
483,601,1.252
483,701,1.112
483,801,1.152
483,901,1.372
483,1001,1.106
483,1101,1.228
484,1,0.013
484,101,1.018
484,201,1.079
484,301,1.039
484,401,1.149
484,501,1.225
484,601,1.176
484,701,1.238
484,801,1.239
484,901,1.230
484,1001,1.272
484,1101,1.188
485,1,0.008
485,101,1.155
485,201,0.971
485,301,1.090
485,401,1.177
485,501,1.122
485,601,1.071
485,701,1.260
485,801,1.030
485,901,1.276
485,1001,1.270
485,1101,1.174
486,1,0.011
486,101,1.003
486,201,1.246
486,301,0.999
486,401,1.005
486,501,1.140
486,601,1.135
486,701,1.146
486,801,1.166
486,901,1.268
486,1001,1.218
486,1101,1.396
487,1,0.012
487,101,0.977
487,201,1.029
487,301,1.138
487,401,1.013
487,501,1.191
487,601,1.230
487,701,1.255
487,801,1.232
487,901,1.158
487,1001,1.247
487,1101,1.066
488,1,0.013
488,101,0.984
488,201,1.103
488,301,1.083
488,401,1.019
488,501,1.054
488,601,1.169
488,701,1.190
488,801,1.051
488,901,1.402
488,1001,1.321
488,1101,1.252
489,1,0.000
489,101,1.090
489,201,1.040
489,301,1.089
489,401,1.095
489,501,1.072
489,601,1.141
489,701,1.137
489,801,1.206
489,901,1.195
489,1001,1.204
489,1101,1.335
490,1,0.002
490,101,1.051
490,201,1.155
490,301,1.102
490,401,1.145
490,501,1.170
490,601,1.193
490,701,1.342
490,801,1.307
490,901,1.224
490,1001,1.125
490,1101,1.193
491,1,0.008
491,101,1.278
491,201,0.929
491,301,1.094
491,401,1.152
491,501,1.113
491,601,0.979
491,701,1.216
491,801,1.246
491,901,1.340
491,1001,1.177
491,1101,1.331
492,1,0.036
492,101,1.224
492,201,1.105
492,301,1.107
492,401,1.045
492,501,1.129
492,601,1.179
492,701,1.168
492,801,1.164
492,901,1.103
492,1001,1.278
492,1101,1.329
493,1,0.012
493,101,1.048
493,201,1.028
493,301,1.087
493,401,1.156
493,501,1.181
493,601,1.051
493,701,1.151
493,801,1.139
493,901,1.220
493,1001,1.088
493,1101,1.182
494,1,0.011
494,101,1.104
494,201,1.066
494,301,1.146
494,401,1.108
494,501,1.142
494,601,1.162
494,701,0.989
494,801,0.999
494,901,1.193
494,1001,1.172
494,1101,1.233
495,1,0.014
495,101,1.104
495,201,0.969
495,301,1.138
495,401,1.092
495,501,1.263
495,601,1.159
495,701,1.103
495,801,1.074
495,901,1.229
495,1001,1.217
495,1101,1.246
496,1,0.022
496,101,1.194
496,201,1.000
496,301,1.181
496,401,1.026
496,501,1.055
496,601,1.316
496,701,1.079
496,801,1.106
496,901,1.114
496,1001,1.177
496,1101,1.421
497,1,0.024
497,101,1.004
497,201,0.989
497,301,1.099
497,401,0.972
497,501,1.109
497,601,1.187
497,701,1.125
497,801,1.202
497,901,1.031
497,1001,1.092
497,1101,1.218
498,1,0.006
498,101,0.936
498,201,0.970
498,301,1.315
498,401,1.098
498,501,1.018
498,601,1.189
498,701,1.233
498,801,1.202
498,901,1.101
498,1001,1.303
498,1101,1.217
499,1,0.037
499,101,1.089
499,201,1.034
499,301,1.015
499,401,1.093
499,501,1.200
499,601,1.138
499,701,1.179
499,801,1.131
499,901,1.194
499,1001,1.236
499,1101,1.125
500,1,0.019
500,101,1.076
500,201,0.907
500,301,1.178
500,401,1.207
500,501,1.194
500,601,1.087
500,701,1.036
500,801,1.082
500,901,1.105
500,1001,1.116
500,1101,1.377
