1,1,0.005
1,101,0.466
1,201,0.465
1,301,0.465
1,401,0.465
1,501,0.465
1,601,0.465
1,701,0.465
1,801,0.465
1,901,0.465
1,1001,0.465
1,1101,0.465
2,1,0.005
2,101,0.465
2,201,0.465
2,301,0.465
2,401,0.465
2,501,0.465
2,601,0.465
2,701,0.465
2,801,0.465
2,901,0.464
2,1001,0.465
2,1101,0.464
3,1,0.005
3,101,0.465
3,201,0.464
3,301,0.465
3,401,0.464
3,501,0.465
3,601,0.465
3,701,0.465
3,801,0.465
3,901,0.465
3,1001,0.465
3,1101,0.465
4,1,0.005
4,101,0.465
4,201,0.464
4,301,0.464
4,401,0.465
4,501,0.465
4,601,0.465
4,701,0.465
4,801,0.465
4,901,0.465
4,1001,0.465
4,1101,0.465
5,1,0.005
5,101,0.465
5,201,0.465
5,301,0.465
5,401,0.464
5,501,0.465
5,601,0.465
5,701,0.465
5,801,0.465
5,901,0.464
5,1001,0.465
5,1101,0.465
6,1,0.005
6,101,0.464
6,201,0.464
6,301,0.464
6,401,0.464
6,501,0.464
6,601,0.464
6,701,0.465
6,801,0.465
6,901,0.465
6,1001,0.465
6,1101,0.465
7,1,0.005
7,101,0.464
7,201,0.464
7,301,0.465
7,401,0.464
7,501,0.465
7,601,0.464
7,701,0.465
7,801,0.464
7,901,0.464
7,1001,0.465
7,1101,0.465
8,1,0.005
8,101,0.465
8,201,0.464
8,301,0.464
8,401,0.464
8,501,0.465
8,601,0.465
8,701,0.464
8,801,0.464
8,901,0.465
8,1001,0.464
8,1101,0.465
9,1,0.005
9,101,0.464
9,201,0.465
9,301,0.464
9,401,0.464
9,501,0.465
9,601,0.464
9,701,0.464
9,801,0.465
9,901,0.465
9,1001,0.464
9,1101,0.464
10,1,0.005
10,101,0.464
10,201,0.464
10,301,0.464
10,401,0.464
10,501,0.464
10,601,0.464
10,701,0.465
10,801,0.464
10,901,0.465
10,1001,0.464
10,1101,0.464
11,1,0.005
11,101,0.464
11,201,0.464
11,301,0.464
11,401,0.464
11,501,0.464
11,601,0.464
11,701,0.464
11,801,0.464
11,901,0.464
11,1001,0.464
11,1101,0.464
12,1,0.005
12,101,0.464
12,201,0.464
12,301,0.464
12,401,0.464
12,501,0.464
12,601,0.464
12,701,0.464
12,801,0.465
12,901,0.464
12,1001,0.464
12,1101,0.464
13,1,0.005
13,101,0.464
13,201,0.464
13,301,0.464
13,401,0.464
13,501,0.464
13,601,0.464
13,701,0.464
13,801,0.464
13,901,0.464
13,1001,0.464
13,1101,0.464
14,1,0.005
14,101,0.464
14,201,0.464
14,301,0.463
14,401,0.464
14,501,0.463
14,601,0.463
14,701,0.463
14,801,0.464
14,901,0.464
14,1001,0.463
14,1101,0.464
15,1,0.005
15,101,0.464
15,201,0.463
15,301,0.463
15,401,0.463
15,501,0.464
15,601,0.463
15,701,0.463
15,801,0.463
15,901,0.463
15,1001,0.463
15,1101,0.463
16,1,0.005
16,101,0.463
16,201,0.463
16,301,0.462
16,401,0.463
16,501,0.463
16,601,0.464
16,701,0.462
16,801,0.463
16,901,0.463
16,1001,0.462
16,1101,0.463
17,1,0.005
17,101,0.462
17,201,0.462
17,301,0.462
17,401,0.462
17,501,0.462
17,601,0.463
17,701,0.462
17,801,0.463
17,901,0.462
17,1001,0.462
17,1101,0.462
18,1,0.005
18,101,0.461
18,201,0.461
18,301,0.462
18,401,0.461
18,501,0.462
18,601,0.462
18,701,0.461
18,801,0.461
18,901,0.462
18,1001,0.462
18,1101,0.460
19,1,0.005
19,101,0.461
19,201,0.460
19,301,0.460
19,401,0.460
19,501,0.461
19,601,0.462
19,701,0.461
19,801,0.462
19,901,0.460
19,1001,0.460
19,1101,0.461
20,1,0.005
20,101,0.458
20,201,0.460
20,301,0.461
20,401,0.459
20,501,0.458
20,601,0.459
20,701,0.460
20,801,0.459
20,901,0.460
20,1001,0.461
20,1101,0.461
21,1,0.005
21,101,0.458
21,201,0.459
21,301,0.458
21,401,0.457
21,501,0.457
21,601,0.458
21,701,0.460
21,801,0.459
21,901,0.459
21,1001,0.460
21,1101,0.459
22,1,0.005
22,101,0.456
22,201,0.457
22,301,0.458
22,401,0.457
22,501,0.457
22,601,0.457
22,701,0.458
22,801,0.457
22,901,0.458
22,1001,0.458
22,1101,0.457
23,1,0.005
23,101,0.455
23,201,0.456
23,301,0.455
23,401,0.456
23,501,0.456
23,601,0.455
23,701,0.457
23,801,0.457
23,901,0.455
23,1001,0.456
23,1101,0.458
24,1,0.004
24,101,0.453
24,201,0.453
24,301,0.456
24,401,0.454
24,501,0.455
24,601,0.456
24,701,0.456
24,801,0.454
24,901,0.456
24,1001,0.453
24,1101,0.456
25,1,0.005
25,101,0.451
25,201,0.452
25,301,0.455
25,401,0.453
25,501,0.453
25,601,0.453
25,701,0.454
25,801,0.453
25,901,0.454
25,1001,0.453
25,1101,0.455
26,1,0.005
26,101,0.451
26,201,0.451
26,301,0.451
26,401,0.451
26,501,0.453
26,601,0.452
26,701,0.453
26,801,0.452
26,901,0.453
26,1001,0.452
26,1101,0.452
27,1,0.005
27,101,0.450
27,201,0.450
27,301,0.449
27,401,0.450
27,501,0.450
27,601,0.451
27,701,0.451
27,801,0.450
27,901,0.451
27,1001,0.451
27,1101,0.453
28,1,0.004
28,101,0.447
28,201,0.447
28,301,0.448
28,401,0.449
28,501,0.448
28,601,0.450
28,701,0.450
28,801,0.452
28,901,0.449
28,1001,0.452
28,1101,0.451
29,1,0.004
29,101,0.446
29,201,0.446
29,301,0.447
29,401,0.444
29,501,0.449
29,601,0.448
29,701,0.451
29,801,0.450
29,901,0.449
29,1001,0.450
29,1101,0.449
30,1,0.004
30,101,0.445
30,201,0.445
30,301,0.445
30,401,0.445
30,501,0.446
30,601,0.446
30,701,0.447
30,801,0.448
30,901,0.448
30,1001,0.450
30,1101,0.449
31,1,0.004
31,101,0.444
31,201,0.443
31,301,0.444
31,401,0.444
31,501,0.446
31,601,0.447
31,701,0.447
31,801,0.448
31,901,0.445
31,1001,0.446
31,1101,0.448
32,1,0.004
32,101,0.440
32,201,0.443
32,301,0.446
32,401,0.443
32,501,0.445
32,601,0.443
32,701,0.448
32,801,0.443
32,901,0.447
32,1001,0.448
32,1101,0.446
33,1,0.005
33,101,0.439
33,201,0.441
33,301,0.443
33,401,0.445
33,501,0.442
33,601,0.444
33,701,0.447
33,801,0.444
33,901,0.443
33,1001,0.445
33,1101,0.444
34,1,0.004
34,101,0.438
34,201,0.441
34,301,0.441
34,401,0.442
34,501,0.441
34,601,0.443
34,701,0.443
34,801,0.443
34,901,0.443
34,1001,0.446
34,1101,0.444
35,1,0.004
35,101,0.438
35,201,0.438
35,301,0.441
35,401,0.440
35,501,0.439
35,601,0.443
35,701,0.444
35,801,0.440
35,901,0.444
35,1001,0.444
35,1101,0.444
36,1,0.004
36,101,0.439
36,201,0.437
36,301,0.438
36,401,0.439
36,501,0.440
36,601,0.439
36,701,0.441
36,801,0.441
36,901,0.443
36,1001,0.442
36,1101,0.442
37,1,0.004
37,101,0.437
37,201,0.439
37,301,0.438
37,401,0.437
37,501,0.439
37,601,0.440
37,701,0.439
37,801,0.439
37,901,0.440
37,1001,0.441
37,1101,0.441
38,1,0.004
38,101,0.432
38,201,0.435
38,301,0.437
38,401,0.439
38,501,0.439
38,601,0.441
38,701,0.438
38,801,0.440
38,901,0.438
38,1001,0.439
38,1101,0.441
39,1,0.004
39,101,0.432
39,201,0.433
39,301,0.435
39,401,0.437
39,501,0.437
39,601,0.438
39,701,0.441
39,801,0.441
39,901,0.436
39,1001,0.439
39,1101,0.441
40,1,0.004
40,101,0.434
40,201,0.434
40,301,0.434
40,401,0.435
40,501,0.436
40,601,0.435
40,701,0.440
40,801,0.435
40,901,0.436
40,1001,0.439
40,1101,0.439
41,1,0.004
41,101,0.430
41,201,0.434
41,301,0.432
41,401,0.433
41,501,0.434
41,601,0.433
41,701,0.436
41,801,0.436
41,901,0.438
41,1001,0.439
41,1101,0.438
42,1,0.004
42,101,0.428
42,201,0.432
42,301,0.431
42,401,0.433
42,501,0.432
42,601,0.434
42,701,0.437
42,801,0.436
42,901,0.438
42,1001,0.435
42,1101,0.437
43,1,0.004
43,101,0.431
43,201,0.430
43,301,0.430
43,401,0.431
43,501,0.433
43,601,0.432
43,701,0.434
43,801,0.435
43,901,0.435
43,1001,0.438
43,1101,0.434
44,1,0.004
44,101,0.428
44,201,0.429
44,301,0.429
44,401,0.431
44,501,0.433
44,601,0.433
44,701,0.432
44,801,0.434
44,901,0.436
44,1001,0.433
44,1101,0.433
45,1,0.004
45,101,0.426
45,201,0.428
45,301,0.431
45,401,0.431
45,501,0.432
45,601,0.431
45,701,0.430
45,801,0.431
45,901,0.432
45,1001,0.435
45,1101,0.433
46,1,0.004
46,101,0.426
46,201,0.422
46,301,0.428
46,401,0.430
46,501,0.429
46,601,0.431
46,701,0.430
46,801,0.433
46,901,0.433
46,1001,0.434
46,1101,0.434
47,1,0.004
47,101,0.424
47,201,0.426
47,301,0.429
47,401,0.427
47,501,0.426
47,601,0.428
47,701,0.431
47,801,0.431
47,901,0.431
47,1001,0.431
47,1101,0.433
48,1,0.004
48,101,0.422
48,201,0.426
48,301,0.425
48,401,0.430
48,501,0.428
48,601,0.428
48,701,0.428
48,801,0.430
48,901,0.428
48,1001,0.430
48,1101,0.430
49,1,0.004
49,101,0.423
49,201,0.423
49,301,0.424
49,401,0.424
49,501,0.425
49,601,0.428
49,701,0.429
49,801,0.427
49,901,0.428
49,1001,0.432
49,1101,0.430
50,1,0.004
50,101,0.420
50,201,0.421
50,301,0.422
50,401,0.425
50,501,0.422
50,601,0.426
50,701,0.430
50,801,0.429
50,901,0.428
50,1001,0.429
50,1101,0.431
51,1,0.004
51,101,0.420
51,201,0.420
51,301,0.424
51,401,0.424
51,501,0.425
51,601,0.423
51,701,0.425
51,801,0.427
51,901,0.426
51,1001,0.428
51,1101,0.427
52,1,0.004
52,101,0.421
52,201,0.417
52,301,0.417
52,401,0.424
52,501,0.425
52,601,0.422
52,701,0.423
52,801,0.426
52,901,0.424
52,1001,0.429
52,1101,0.428
53,1,0.004
53,101,0.415
53,201,0.415
53,301,0.421
53,401,0.425
53,501,0.424
53,601,0.424
53,701,0.423
53,801,0.421
53,901,0.422
53,1001,0.427
53,1101,0.428
54,1,0.004
54,101,0.418
54,201,0.412
54,301,0.419
54,401,0.423
54,501,0.418
54,601,0.425
54,701,0.421
54,801,0.423
54,901,0.423
54,1001,0.423
54,1101,0.426
55,1,0.004
55,101,0.412
55,201,0.416
55,301,0.421
55,401,0.419
55,501,0.418
55,601,0.419
55,701,0.422
55,801,0.424
55,901,0.423
55,1001,0.419
55,1101,0.426
56,1,0.004
56,101,0.410
56,201,0.415
56,301,0.415
56,401,0.419
56,501,0.418
56,601,0.420
56,701,0.419
56,801,0.423
56,901,0.424
56,1001,0.422
56,1101,0.423
57,1,0.004
57,101,0.410
57,201,0.416
57,301,0.414
57,401,0.416
57,501,0.416
57,601,0.414
57,701,0.417
57,801,0.421
57,901,0.422
57,1001,0.421
57,1101,0.424
58,1,0.004
58,101,0.411
58,201,0.410
58,301,0.416
58,401,0.415
58,501,0.416
58,601,0.418
58,701,0.417
58,801,0.419
58,901,0.417
58,1001,0.419
58,1101,0.421
59,1,0.004
59,101,0.410
59,201,0.408
59,301,0.410
59,401,0.414
59,501,0.412
59,601,0.417
59,701,0.414
59,801,0.420
59,901,0.418
59,1001,0.421
59,1101,0.420
60,1,0.004
60,101,0.409
60,201,0.410
60,301,0.412
60,401,0.415
60,501,0.410
60,601,0.414
60,701,0.418
60,801,0.415
60,901,0.416
60,1001,0.415
60,1101,0.419
61,1,0.004
61,101,0.403
61,201,0.408
61,301,0.413
61,401,0.411
61,501,0.412
61,601,0.412
61,701,0.415
61,801,0.414
61,901,0.418
61,1001,0.415
61,1101,0.419
62,1,0.004
62,101,0.404
62,201,0.407
62,301,0.410
62,401,0.410
62,501,0.413
62,601,0.413
62,701,0.415
62,801,0.415
62,901,0.414
62,1001,0.412
62,1101,0.411
63,1,0.004
63,101,0.402
63,201,0.402
63,301,0.411
63,401,0.411
63,501,0.407
63,601,0.411
63,701,0.411
63,801,0.413
63,901,0.413
63,1001,0.413
63,1101,0.413
64,1,0.004
64,101,0.401
64,201,0.398
64,301,0.402
64,401,0.408
64,501,0.406
64,601,0.411
64,701,0.414
64,801,0.410
64,901,0.413
64,1001,0.414
64,1101,0.413
65,1,0.004
65,101,0.399
65,201,0.401
65,301,0.401
65,401,0.406
65,501,0.410
65,601,0.405
65,701,0.411
65,801,0.407
65,901,0.412
65,1001,0.413
65,1101,0.415
66,1,0.004
66,101,0.397
66,201,0.399
66,301,0.401
66,401,0.406
66,501,0.407
66,601,0.408
66,701,0.410
66,801,0.405
66,901,0.408
66,1001,0.410
66,1101,0.410
67,1,0.004
67,101,0.394
67,201,0.397
67,301,0.404
67,401,0.402
67,501,0.402
67,601,0.405
67,701,0.407
67,801,0.410
67,901,0.407
67,1001,0.410
67,1101,0.411
68,1,0.004
68,101,0.393
68,201,0.396
68,301,0.400
68,401,0.402
68,501,0.407
68,601,0.402
68,701,0.404
68,801,0.402
68,901,0.403
68,1001,0.408
68,1101,0.408
69,1,0.004
69,101,0.392
69,201,0.396
69,301,0.397
69,401,0.401
69,501,0.402
69,601,0.402
69,701,0.401
69,801,0.405
69,901,0.405
69,1001,0.401
69,1101,0.405
70,1,0.004
70,101,0.389
70,201,0.396
70,301,0.389
70,401,0.399
70,501,0.401
70,601,0.403
70,701,0.406
70,801,0.402
70,901,0.403
70,1001,0.403
70,1101,0.401
71,1,0.005
71,101,0.388
71,201,0.392
71,301,0.392
71,401,0.395
71,501,0.398
71,601,0.400
71,701,0.401
71,801,0.400
71,901,0.401
71,1001,0.401
71,1101,0.403
72,1,0.004
72,101,0.386
72,201,0.386
72,301,0.390
72,401,0.396
72,501,0.393
72,601,0.395
72,701,0.397
72,801,0.401
72,901,0.402
72,1001,0.405
72,1101,0.403
73,1,0.004
73,101,0.387
73,201,0.388
73,301,0.394
73,401,0.391
73,501,0.393
73,601,0.393
73,701,0.394
73,801,0.399
73,901,0.399
73,1001,0.400
73,1101,0.398
74,1,0.004
74,101,0.383
74,201,0.382
74,301,0.390
74,401,0.388
74,501,0.393
74,601,0.394
74,701,0.397
74,801,0.397
74,901,0.394
74,1001,0.402
74,1101,0.397
75,1,0.004
75,101,0.381
75,201,0.383
75,301,0.389
75,401,0.389
75,501,0.391
75,601,0.390
75,701,0.396
75,801,0.391
75,901,0.398
75,1001,0.394
75,1101,0.398
76,1,0.004
76,101,0.378
76,201,0.383
76,301,0.388
76,401,0.383
76,501,0.387
76,601,0.393
76,701,0.392
76,801,0.393
76,901,0.396
76,1001,0.394
76,1101,0.391
77,1,0.004
77,101,0.378
77,201,0.380
77,301,0.384
77,401,0.385
77,501,0.381
77,601,0.390
77,701,0.391
77,801,0.388
77,901,0.391
77,1001,0.390
77,1101,0.395
78,1,0.004
78,101,0.370
78,201,0.379
78,301,0.382
78,401,0.386
78,501,0.385
78,601,0.386
78,701,0.384
78,801,0.389
78,901,0.391
78,1001,0.389
78,1101,0.392
79,1,0.004
79,101,0.371
79,201,0.378
79,301,0.378
79,401,0.380
79,501,0.383
79,601,0.387
79,701,0.386
79,801,0.387
79,901,0.386
79,1001,0.388
79,1101,0.385
80,1,0.003
80,101,0.370
80,201,0.376
80,301,0.374
80,401,0.380
80,501,0.380
80,601,0.383
80,701,0.384
80,801,0.380
80,901,0.386
80,1001,0.388
80,1101,0.391
81,1,0.003
81,101,0.367
81,201,0.379
81,301,0.374
81,401,0.375
81,501,0.379
81,601,0.382
81,701,0.380
81,801,0.378
81,901,0.385
81,1001,0.388
81,1101,0.387
82,1,0.003
82,101,0.360
82,201,0.375
82,301,0.368
82,401,0.374
82,501,0.377
82,601,0.378
82,701,0.381
82,801,0.386
82,901,0.383
82,1001,0.379
82,1101,0.387
83,1,0.004
83,101,0.363
83,201,0.370
83,301,0.375
83,401,0.367
83,501,0.371
83,601,0.380
83,701,0.373
83,801,0.382
83,901,0.383
83,1001,0.384
83,1101,0.381
84,1,0.003
84,101,0.360
84,201,0.366
84,301,0.365
84,401,0.370
84,501,0.375
84,601,0.373
84,701,0.375
84,801,0.380
84,901,0.378
84,1001,0.382
84,1101,0.382
85,1,0.003
85,101,0.354
85,201,0.364
85,301,0.369
85,401,0.370
85,501,0.373
85,601,0.365
85,701,0.376
85,801,0.378
85,901,0.377
85,1001,0.387
85,1101,0.372
86,1,0.003
86,101,0.360
86,201,0.358
86,301,0.366
86,401,0.367
86,501,0.369
86,601,0.374
86,701,0.376
86,801,0.374
86,901,0.373
86,1001,0.372
86,1101,0.373
87,1,0.004
87,101,0.355
87,201,0.360
87,301,0.362
87,401,0.367
87,501,0.363
87,601,0.367
87,701,0.372
87,801,0.371
87,901,0.371
87,1001,0.373
87,1101,0.376
88,1,0.003
88,101,0.354
88,201,0.355
88,301,0.358
88,401,0.365
88,501,0.362
88,601,0.368
88,701,0.364
88,801,0.367
88,901,0.369
88,1001,0.374
88,1101,0.377
89,1,0.004
89,101,0.352
89,201,0.353
89,301,0.359
89,401,0.362
89,501,0.357
89,601,0.363
89,701,0.362
89,801,0.363
89,901,0.371
89,1001,0.374
89,1101,0.370
90,1,0.004
90,101,0.349
90,201,0.350
90,301,0.362
90,401,0.359
90,501,0.359
90,601,0.361
90,701,0.363
90,801,0.363
90,901,0.363
90,1001,0.367
90,1101,0.369
91,1,0.003
91,101,0.349
91,201,0.349
91,301,0.356
91,401,0.356
91,501,0.358
91,601,0.359
91,701,0.361
91,801,0.358
91,901,0.362
91,1001,0.366
91,1101,0.370
92,1,0.004
92,101,0.343
92,201,0.349
92,301,0.353
92,401,0.353
92,501,0.353
92,601,0.361
92,701,0.358
92,801,0.365
92,901,0.351
92,1001,0.364
92,1101,0.361
93,1,0.004
93,101,0.340
93,201,0.343
93,301,0.346
93,401,0.355
93,501,0.351
93,601,0.357
93,701,0.355
93,801,0.363
93,901,0.357
93,1001,0.360
93,1101,0.356
94,1,0.003
94,101,0.337
94,201,0.348
94,301,0.342
94,401,0.350
94,501,0.352
94,601,0.352
94,701,0.354
94,801,0.350
94,901,0.355
94,1001,0.360
94,1101,0.356
95,1,0.003
95,101,0.335
95,201,0.337
95,301,0.346
95,401,0.344
95,501,0.349
95,601,0.349
95,701,0.349
95,801,0.350
95,901,0.353
95,1001,0.355
95,1101,0.352
96,1,0.004
96,101,0.326
96,201,0.336
96,301,0.338
96,401,0.344
96,501,0.342
96,601,0.349
96,701,0.350
96,801,0.352
96,901,0.352
96,1001,0.357
96,1101,0.354
97,1,0.004
97,101,0.324
97,201,0.331
97,301,0.338
97,401,0.342
97,501,0.345
97,601,0.348
97,701,0.339
97,801,0.348
97,901,0.344
97,1001,0.349
97,1101,0.352
98,1,0.004
98,101,0.322
98,201,0.329
98,301,0.327
98,401,0.337
98,501,0.337
98,601,0.341
98,701,0.340
98,801,0.343
98,901,0.340
98,1001,0.346
98,1101,0.349
99,1,0.004
99,101,0.315
99,201,0.322
99,301,0.325
99,401,0.336
99,501,0.338
99,601,0.336
99,701,0.335
99,801,0.334
99,901,0.341
99,1001,0.344
99,1101,0.344
100,1,0.003
100,101,0.321
100,201,0.324
100,301,0.328
100,401,0.327
100,501,0.324
100,601,0.331
100,701,0.335
100,801,0.333
100,901,0.344
100,1001,0.337
100,1101,0.341
101,1,0.003
101,101,0.305
101,201,0.319
101,301,0.323
101,401,0.325
101,501,0.321
101,601,0.326
101,701,0.327
101,801,0.330
101,901,0.342
101,1001,0.337
101,1101,0.344
102,1,0.003
102,101,0.305
102,201,0.315
102,301,0.325
102,401,0.319
102,501,0.316
102,601,0.320
102,701,0.326
102,801,0.330
102,901,0.326
102,1001,0.332
102,1101,0.334
103,1,0.003
103,101,0.300
103,201,0.312
103,301,0.308
103,401,0.318
103,501,0.313
103,601,0.321
103,701,0.326
103,801,0.324
103,901,0.330
103,1001,0.322
103,1101,0.326
104,1,0.003
104,101,0.299
104,201,0.306
104,301,0.309
104,401,0.310
104,501,0.318
104,601,0.317
104,701,0.318
104,801,0.315
104,901,0.326
104,1001,0.321
104,1101,0.318
105,1,0.003
105,101,0.294
105,201,0.296
105,301,0.305
105,401,0.302
105,501,0.306
105,601,0.311
105,701,0.315
105,801,0.315
105,901,0.316
105,1001,0.327
105,1101,0.331
106,1,0.002
106,101,0.280
106,201,0.300
106,301,0.313
106,401,0.303
106,501,0.302
106,601,0.301
106,701,0.313
106,801,0.311
106,901,0.319
106,1001,0.318
106,1101,0.311
107,1,0.002
107,101,0.284
107,201,0.293
107,301,0.299
107,401,0.295
107,501,0.303
107,601,0.306
107,701,0.301
107,801,0.304
107,901,0.310
107,1001,0.318
107,1101,0.312
108,1,0.003
108,101,0.273
108,201,0.283
108,301,0.295
108,401,0.297
108,501,0.301
108,601,0.301
108,701,0.293
108,801,0.300
108,901,0.310
108,1001,0.314
108,1101,0.304
109,1,0.003
109,101,0.273
109,201,0.281
109,301,0.284
109,401,0.283
109,501,0.294
109,601,0.297
109,701,0.296
109,801,0.301
109,901,0.305
109,1001,0.300
109,1101,0.306
110,1,0.003
110,101,0.271
110,201,0.285
110,301,0.284
110,401,0.285
110,501,0.285
110,601,0.300
110,701,0.299
110,801,0.294
110,901,0.288
110,1001,0.303
110,1101,0.291
111,1,0.002
111,101,0.255
111,201,0.281
111,301,0.294
111,401,0.280
111,501,0.287
111,601,0.290
111,701,0.292
111,801,0.293
111,901,0.295
111,1001,0.291
111,1101,0.301
112,1,0.003
112,101,0.254
112,201,0.266
112,301,0.268
112,401,0.280
112,501,0.277
112,601,0.285
112,701,0.286
112,801,0.290
112,901,0.294
112,1001,0.295
112,1101,0.287
113,1,0.003
113,101,0.260
113,201,0.264
113,301,0.275
113,401,0.270
113,501,0.278
113,601,0.285
113,701,0.284
113,801,0.292
113,901,0.287
113,1001,0.284
113,1101,0.287
114,1,0.002
114,101,0.258
114,201,0.264
114,301,0.270
114,401,0.266
114,501,0.267
114,601,0.276
114,701,0.283
114,801,0.281
114,901,0.285
114,1001,0.289
114,1101,0.293
115,1,0.002
115,101,0.258
115,201,0.256
115,301,0.267
115,401,0.270
115,501,0.264
115,601,0.275
115,701,0.289
115,801,0.273
115,901,0.284
115,1001,0.275
115,1101,0.287
116,1,0.003
116,101,0.252
116,201,0.254
116,301,0.257
116,401,0.265
116,501,0.264
116,601,0.274
116,701,0.275
116,801,0.275
116,901,0.278
116,1001,0.278
116,1101,0.271
117,1,0.002
117,101,0.247
117,201,0.252
117,301,0.256
117,401,0.279
117,501,0.262
117,601,0.264
117,701,0.259
117,801,0.268
117,901,0.275
117,1001,0.274
117,1101,0.273
118,1,0.002
118,101,0.240
118,201,0.246
118,301,0.254
118,401,0.262
118,501,0.256
118,601,0.262
118,701,0.262
118,801,0.271
118,901,0.263
118,1001,0.261
118,1101,0.277
119,1,0.002
119,101,0.235
119,201,0.237
119,301,0.248
119,401,0.262
119,501,0.255
119,601,0.252
119,701,0.264
119,801,0.267
119,901,0.266
119,1001,0.264
119,1101,0.263
120,1,0.002
120,101,0.233
120,201,0.233
120,301,0.244
120,401,0.253
120,501,0.254
120,601,0.246
120,701,0.255
120,801,0.255
120,901,0.255
120,1001,0.267
120,1101,0.273
121,1,0.002
121,101,0.228
121,201,0.223
121,301,0.246
121,401,0.245
121,501,0.246
121,601,0.250
121,701,0.253
121,801,0.260
121,901,0.255
121,1001,0.261
121,1101,0.259
122,1,0.003
122,101,0.223
122,201,0.230
122,301,0.232
122,401,0.244
122,501,0.245
122,601,0.246
122,701,0.241
122,801,0.252
122,901,0.266
122,1001,0.252
122,1101,0.262
123,1,0.001
123,101,0.221
123,201,0.225
123,301,0.233
123,401,0.236
123,501,0.240
123,601,0.247
123,701,0.250
123,801,0.246
123,901,0.245
123,1001,0.247
123,1101,0.261
124,1,0.003
124,101,0.211
124,201,0.227
124,301,0.231
124,401,0.235
124,501,0.239
124,601,0.235
124,701,0.248
124,801,0.241
124,901,0.245
124,1001,0.249
124,1101,0.239
125,1,0.001
125,101,0.207
125,201,0.221
125,301,0.223
125,401,0.237
125,501,0.229
125,601,0.234
125,701,0.244
125,801,0.245
125,901,0.236
125,1001,0.249
125,1101,0.243
126,1,0.002
126,101,0.208
126,201,0.225
126,301,0.231
126,401,0.231
126,501,0.230
126,601,0.230
126,701,0.224
126,801,0.232
126,901,0.246
126,1001,0.246
126,1101,0.234
127,1,0.003
127,101,0.202
127,201,0.219
127,301,0.221
127,401,0.227
127,501,0.234
127,601,0.235
127,701,0.232
127,801,0.234
127,901,0.234
127,1001,0.232
127,1101,0.237
128,1,0.002
128,101,0.202
128,201,0.218
128,301,0.219
128,401,0.212
128,501,0.229
128,601,0.225
128,701,0.234
128,801,0.229
128,901,0.236
128,1001,0.232
128,1101,0.235
129,1,0.002
129,101,0.216
129,201,0.216
129,301,0.208
129,401,0.212
129,501,0.215
129,601,0.231
129,701,0.232
129,801,0.216
129,901,0.230
129,1001,0.222
129,1101,0.231
130,1,0.002
130,101,0.194
130,201,0.201
130,301,0.206
130,401,0.215
130,501,0.226
130,601,0.214
130,701,0.220
130,801,0.221
130,901,0.223
130,1001,0.222
130,1101,0.221
131,1,0.002
131,101,0.187
131,201,0.204
131,301,0.203
131,401,0.211
131,501,0.222
131,601,0.216
131,701,0.213
131,801,0.218
131,901,0.218
131,1001,0.228
131,1101,0.220
132,1,0.003
132,101,0.183
132,201,0.192
132,301,0.209
132,401,0.203
132,501,0.208
132,601,0.212
132,701,0.214
132,801,0.214
132,901,0.230
132,1001,0.218
132,1101,0.229
133,1,0.001
133,101,0.197
133,201,0.200
133,301,0.194
133,401,0.229
133,501,0.211
133,601,0.210
133,701,0.210
133,801,0.207
133,901,0.208
133,1001,0.214
133,1101,0.227
134,1,0.002
134,101,0.199
134,201,0.192
134,301,0.205
134,401,0.197
134,501,0.208
134,601,0.201
134,701,0.209
134,801,0.207
134,901,0.215
134,1001,0.210
134,1101,0.210
135,1,0.002
135,101,0.190
135,201,0.192
135,301,0.205
135,401,0.201
135,501,0.197
135,601,0.203
135,701,0.197
135,801,0.200
135,901,0.205
135,1001,0.213
135,1101,0.228
136,1,0.001
136,101,0.177
136,201,0.180
136,301,0.190
136,401,0.196
136,501,0.203
136,601,0.193
136,701,0.199
136,801,0.206
136,901,0.205
136,1001,0.220
136,1101,0.217
137,1,0.001
137,101,0.184
137,201,0.190
137,301,0.188
137,401,0.200
137,501,0.192
137,601,0.198
137,701,0.205
137,801,0.209
137,901,0.201
137,1001,0.205
137,1101,0.215
138,1,0.004
138,101,0.163
138,201,0.179
138,301,0.197
138,401,0.212
138,501,0.193
138,601,0.190
138,701,0.191
138,801,0.200
138,901,0.195
138,1001,0.199
138,1101,0.210
139,1,0.001
139,101,0.174
139,201,0.175
139,301,0.188
139,401,0.180
139,501,0.186
139,601,0.185
139,701,0.201
139,801,0.197
139,901,0.197
139,1001,0.199
139,1101,0.197
140,1,0.002
140,101,0.155
140,201,0.175
140,301,0.173
140,401,0.176
140,501,0.183
140,601,0.184
140,701,0.190
140,801,0.194
140,901,0.198
140,1001,0.200
140,1101,0.191
141,1,0.001
141,101,0.159
141,201,0.177
141,301,0.174
141,401,0.179
141,501,0.182
141,601,0.180
141,701,0.182
141,801,0.197
141,901,0.188
141,1001,0.188
141,1101,0.195
142,1,0.001
142,101,0.154
142,201,0.160
142,301,0.175
142,401,0.176
142,501,0.179
142,601,0.180
142,701,0.184
142,801,0.182
142,901,0.181
142,1001,0.191
142,1101,0.190
143,1,0.002
143,101,0.150
143,201,0.159
143,301,0.178
143,401,0.172
143,501,0.178
143,601,0.182
143,701,0.177
143,801,0.190
143,901,0.198
143,1001,0.192
143,1101,0.175
144,1,0.002
144,101,0.152
144,201,0.160
144,301,0.170
144,401,0.175
144,501,0.177
144,601,0.177
144,701,0.181
144,801,0.168
144,901,0.175
144,1001,0.184
144,1101,0.188
145,1,0.001
145,101,0.170
145,201,0.168
145,301,0.166
145,401,0.172
145,501,0.180
145,601,0.180
145,701,0.175
145,801,0.179
145,901,0.174
145,1001,0.182
145,1101,0.172
146,1,0.002
146,101,0.148
146,201,0.163
146,301,0.164
146,401,0.166
146,501,0.194
146,601,0.179
146,701,0.176
146,801,0.191
146,901,0.180
146,1001,0.184
146,1101,0.183
147,1,0.001
147,101,0.140
147,201,0.165
147,301,0.161
147,401,0.158
147,501,0.162
147,601,0.171
147,701,0.169
147,801,0.172
147,901,0.178
147,1001,0.178
147,1101,0.186
148,1,0.001
148,101,0.149
148,201,0.160
148,301,0.166
148,401,0.182
148,501,0.172
148,601,0.172
148,701,0.165
148,801,0.175
148,901,0.183
148,1001,0.180
148,1101,0.172
149,1,0.001
149,101,0.136
149,201,0.140
149,301,0.159
149,401,0.167
149,501,0.172
149,601,0.171
149,701,0.175
149,801,0.176
149,901,0.177
149,1001,0.179
149,1101,0.166
150,1,0.001
150,101,0.146
150,201,0.148
150,301,0.155
150,401,0.163
150,501,0.163
150,601,0.169
150,701,0.167
150,801,0.171
150,901,0.176
150,1001,0.175
150,1101,0.177
151,1,0.002
151,101,0.141
151,201,0.144
151,301,0.152
151,401,0.159
151,501,0.153
151,601,0.169
151,701,0.160
151,801,0.158
151,901,0.169
151,1001,0.164
151,1101,0.168
152,1,0.001
152,101,0.134
152,201,0.149
152,301,0.141
152,401,0.167
152,501,0.142
152,601,0.154
152,701,0.163
152,801,0.162
152,901,0.155
152,1001,0.166
152,1101,0.179
153,1,0.001
153,101,0.126
153,201,0.142
153,301,0.152
153,401,0.151
153,501,0.145
153,601,0.170
153,701,0.152
153,801,0.154
153,901,0.163
153,1001,0.163
153,1101,0.162
154,1,0.001
154,101,0.129
154,201,0.146
154,301,0.131
154,401,0.137
154,501,0.151
154,601,0.149
154,701,0.155
154,801,0.154
154,901,0.161
154,1001,0.151
154,1101,0.164
155,1,0.001
155,101,0.121
155,201,0.130
155,301,0.146
155,401,0.152
155,501,0.145
155,601,0.146
155,701,0.154
155,801,0.158
155,901,0.148
155,1001,0.145
155,1101,0.175
156,1,0.001
156,101,0.129
156,201,0.135
156,301,0.141
156,401,0.140
156,501,0.145
156,601,0.142
156,701,0.145
156,801,0.154
156,901,0.146
156,1001,0.160
156,1101,0.161
157,1,0.001
157,101,0.128
157,201,0.126
157,301,0.139
157,401,0.146
157,501,0.138
157,601,0.147
157,701,0.144
157,801,0.155
157,901,0.157
157,1001,0.142
157,1101,0.166
158,1,0.001
158,101,0.119
158,201,0.131
158,301,0.133
158,401,0.144
158,501,0.139
158,601,0.140
158,701,0.146
158,801,0.145
158,901,0.170
158,1001,0.150
158,1101,0.157
159,1,0.001
159,101,0.113
159,201,0.125
159,301,0.143
159,401,0.133
159,501,0.137
159,601,0.156
159,701,0.155
159,801,0.146
159,901,0.142
159,1001,0.142
159,1101,0.150
160,1,0.001
160,101,0.104
160,201,0.129
160,301,0.122
160,401,0.144
160,501,0.136
160,601,0.162
160,701,0.159
160,801,0.176
160,901,0.151
160,1001,0.157
160,1101,0.154
161,1,0.001
161,101,0.153
161,201,0.143
161,301,0.140
161,401,0.135
161,501,0.145
161,601,0.142
161,701,0.142
161,801,0.152
161,901,0.138
161,1001,0.148
161,1101,0.147
162,1,0.001
162,101,0.130
162,201,0.134
162,301,0.132
162,401,0.148
162,501,0.152
162,601,0.140
162,701,0.137
162,801,0.153
162,901,0.136
162,1001,0.147
162,1101,0.151
163,1,0.001
163,101,0.123
163,201,0.137
163,301,0.137
163,401,0.143
163,501,0.149
163,601,0.134
163,701,0.141
163,801,0.154
163,901,0.143
163,1001,0.145
163,1101,0.153
164,1,0.001
164,101,0.119
164,201,0.116
164,301,0.134
164,401,0.133
164,501,0.141
164,601,0.128
164,701,0.123
164,801,0.140
164,901,0.144
164,1001,0.151
164,1101,0.140
165,1,0.000
165,101,0.114
165,201,0.120
165,301,0.124
165,401,0.124
165,501,0.126
165,601,0.122
165,701,0.130
165,801,0.141
165,901,0.127
165,1001,0.141
165,1101,0.134
166,1,0.001
166,101,0.105
166,201,0.118
166,301,0.114
166,401,0.130
166,501,0.123
166,601,0.138
166,701,0.145
166,801,0.131
166,901,0.139
166,1001,0.128
166,1101,0.127
167,1,0.001
167,101,0.090
167,201,0.116
167,301,0.120
167,401,0.123
167,501,0.137
167,601,0.122
167,701,0.141
167,801,0.130
167,901,0.125
167,1001,0.132
167,1101,0.126
168,1,0.001
168,101,0.102
168,201,0.111
168,301,0.106
168,401,0.119
168,501,0.123
168,601,0.127
168,701,0.115
168,801,0.130
168,901,0.134
168,1001,0.136
168,1101,0.132
169,1,0.001
169,101,0.103
169,201,0.101
169,301,0.114
169,401,0.134
169,501,0.108
169,601,0.114
169,701,0.158
169,801,0.162
169,901,0.151
169,1001,0.138
169,1101,0.147
170,1,0.001
170,101,0.116
170,201,0.113
170,301,0.119
170,401,0.123
170,501,0.129
170,601,0.134
170,701,0.147
170,801,0.147
170,901,0.144
170,1001,0.142
170,1101,0.139
171,1,0.001
171,101,0.113
171,201,0.122
171,301,0.123
171,401,0.119
171,501,0.123
171,601,0.126
171,701,0.126
171,801,0.126
171,901,0.129
171,1001,0.126
171,1101,0.143
172,1,0.001
172,101,0.121
172,201,0.143
172,301,0.147
172,401,0.145
172,501,0.140
172,601,0.142
172,701,0.146
172,801,0.142
172,901,0.146
172,1001,0.127
172,1101,0.146
173,1,0.001
173,101,0.099
173,201,0.111
173,301,0.123
173,401,0.109
173,501,0.118
173,601,0.129
173,701,0.120
173,801,0.128
173,901,0.132
173,1001,0.133
173,1101,0.124
174,1,0.001
174,101,0.085
174,201,0.100
174,301,0.112
174,401,0.185
174,501,0.173
174,601,0.132
174,701,0.136
174,801,0.131
174,901,0.132
174,1001,0.136
174,1101,0.138
175,1,0.001
175,101,0.104
175,201,0.118
175,301,0.104
175,401,0.114
175,501,0.117
175,601,0.121
175,701,0.123
175,801,0.127
175,901,0.116
175,1001,0.129
175,1101,0.124
176,1,0.001
176,101,0.105
176,201,0.116
176,301,0.116
176,401,0.098
176,501,0.120
176,601,0.109
176,701,0.110
176,801,0.119
176,901,0.125
176,1001,0.112
176,1101,0.114
177,1,0.001
177,101,0.097
177,201,0.104
177,301,0.105
177,401,0.101
177,501,0.112
177,601,0.110
177,701,0.109
177,801,0.111
177,901,0.125
177,1001,0.120
177,1101,0.123
178,1,0.001
178,101,0.100
178,201,0.110
178,301,0.111
178,401,0.108
178,501,0.118
178,601,0.119
178,701,0.120
178,801,0.119
178,901,0.140
178,1001,0.121
178,1101,0.120
179,1,0.001
179,101,0.095
179,201,0.098
179,301,0.110
179,401,0.100
179,501,0.108
179,601,0.111
179,701,0.111
179,801,0.112
179,901,0.112
179,1001,0.119
179,1101,0.110
180,1,0.001
180,101,0.094
180,201,0.114
180,301,0.095
180,401,0.114
180,501,0.103
180,601,0.102
180,701,0.096
180,801,0.107
180,901,0.120
180,1001,0.119
180,1101,0.121
181,1,0.001
181,101,0.089
181,201,0.080
181,301,0.092
181,401,0.090
181,501,0.098
181,601,0.113
181,701,0.115
181,801,0.108
181,901,0.114
181,1001,0.110
181,1101,0.116
182,1,0.002
182,101,0.085
182,201,0.102
182,301,0.104
182,401,0.094
182,501,0.116
182,601,0.115
182,701,0.144
182,801,0.119
182,901,0.122
182,1001,0.112
182,1101,0.110
183,1,0.001
183,101,0.077
183,201,0.097
183,301,0.093
183,401,0.104
183,501,0.110
183,601,0.123
183,701,0.101
183,801,0.101
183,901,0.099
183,1001,0.119
183,1101,0.114
184,1,0.001
184,101,0.081
184,201,0.082
184,301,0.101
184,401,0.099
184,501,0.088
184,601,0.112
184,701,0.099
184,801,0.099
184,901,0.106
184,1001,0.099
184,1101,0.101
185,1,0.001
185,101,0.076
185,201,0.099
185,301,0.095
185,401,0.089
185,501,0.094
185,601,0.110
185,701,0.105
185,801,0.094
185,901,0.102
185,1001,0.151
185,1101,0.146
186,1,0.001
186,101,0.100
186,201,0.105
186,301,0.099
186,401,0.105
186,501,0.107
186,601,0.104
186,701,0.102
186,801,0.117
186,901,0.106
186,1001,0.107
186,1101,0.121
187,1,0.001
187,101,0.082
187,201,0.095
187,301,0.094
187,401,0.091
187,501,0.109
187,601,0.162
187,701,0.152
187,801,0.150
187,901,0.144
187,1001,0.140
187,1101,0.143
188,1,0.001
188,101,0.099
188,201,0.108
188,301,0.128
188,401,0.122
188,501,0.118
188,601,0.133
188,701,0.112
188,801,0.122
188,901,0.111
188,1001,0.126
188,1101,0.131
189,1,0.002
189,101,0.100
189,201,0.094
189,301,0.100
189,401,0.109
189,501,0.107
189,601,0.109
189,701,0.104
189,801,0.109
189,901,0.116
189,1001,0.117
189,1101,0.106
190,1,0.001
190,101,0.083
190,201,0.094
190,301,0.107
190,401,0.114
190,501,0.110
190,601,0.114
190,701,0.113
190,801,0.112
190,901,0.114
190,1001,0.111
190,1101,0.114
191,1,0.001
191,101,0.090
191,201,0.100
191,301,0.100
191,401,0.095
191,501,0.101
191,601,0.095
191,701,0.113
191,801,0.098
191,901,0.104
191,1001,0.117
191,1101,0.106
192,1,0.001
192,101,0.104
192,201,0.084
192,301,0.089
192,401,0.084
192,501,0.092
192,601,0.103
192,701,0.095
192,801,0.100
192,901,0.105
192,1001,0.098
192,1101,0.112
193,1,0.001
193,101,0.098
193,201,0.089
193,301,0.090
193,401,0.084
193,501,0.098
193,601,0.093
193,701,0.088
193,801,0.106
193,901,0.101
193,1001,0.101
193,1101,0.106
194,1,0.001
194,101,0.083
194,201,0.077
194,301,0.087
194,401,0.081
194,501,0.084
194,601,0.091
194,701,0.097
194,801,0.106
194,901,0.098
194,1001,0.096
194,1101,0.100
195,1,0.001
195,101,0.065
195,201,0.081
195,301,0.081
195,401,0.089
195,501,0.085
195,601,0.084
195,701,0.107
195,801,0.109
195,901,0.100
195,1001,0.097
195,1101,0.095
196,1,0.001
196,101,0.072
196,201,0.067
196,301,0.083
196,401,0.089
196,501,0.090
196,601,0.085
196,701,0.095
196,801,0.092
196,901,0.090
196,1001,0.088
196,1101,0.093
197,1,0.000
197,101,0.064
197,201,0.071
197,301,0.083
197,401,0.087
197,501,0.092
197,601,0.081
197,701,0.089
197,801,0.096
197,901,0.104
197,1001,0.088
197,1101,0.092
198,1,0.001
198,101,0.072
198,201,0.073
198,301,0.084
198,401,0.082
198,501,0.086
198,601,0.092
198,701,0.090
198,801,0.087
198,901,0.084
198,1001,0.082
198,1101,0.097
199,1,0.001
199,101,0.066
199,201,0.070
199,301,0.079
199,401,0.083
199,501,0.077
199,601,0.084
199,701,0.079
199,801,0.096
199,901,0.092
199,1001,0.087
199,1101,0.096
200,1,0.001
200,101,0.065
200,201,0.083
200,301,0.085
200,401,0.077
200,501,0.073
200,601,0.086
200,701,0.091
200,801,0.082
200,901,0.091
200,1001,0.080
200,1101,0.086
201,1,0.000
201,101,0.069
201,201,0.069
201,301,0.063
201,401,0.086
201,501,0.099
201,601,0.100
201,701,0.086
201,801,0.090
201,901,0.088
201,1001,0.083
201,1101,0.082
202,1,0.001
202,101,0.072
202,201,0.072
202,301,0.071
202,401,0.075
202,501,0.080
202,601,0.082
202,701,0.083
202,801,0.082
202,901,0.099
202,1001,0.087
202,1101,0.095
203,1,0.000
203,101,0.069
203,201,0.058
203,301,0.075
203,401,0.091
203,501,0.077
203,601,0.084
203,701,0.078
203,801,0.088
203,901,0.096
203,1001,0.090
203,1101,0.088
204,1,0.001
204,101,0.066
204,201,0.073
204,301,0.073
204,401,0.072
204,501,0.080
204,601,0.078
204,701,0.072
204,801,0.089
204,901,0.084
204,1001,0.093
204,1101,0.086
205,1,0.000
205,101,0.066
205,201,0.064
205,301,0.074
205,401,0.069
205,501,0.063
205,601,0.079
205,701,0.086
205,801,0.082
205,901,0.073
205,1001,0.093
205,1101,0.091
206,1,0.001
206,101,0.063
206,201,0.067
206,301,0.062
206,401,0.080
206,501,0.078
206,601,0.077
206,701,0.082
206,801,0.079
206,901,0.106
206,1001,0.103
206,1101,0.092
207,1,0.002
207,101,0.063
207,201,0.075
207,301,0.071
207,401,0.071
207,501,0.077
207,601,0.076
207,701,0.084
207,801,0.089
207,901,0.083
207,1001,0.086
207,1101,0.091
208,1,0.001
208,101,0.070
208,201,0.067
208,301,0.070
208,401,0.072
208,501,0.074
208,601,0.075
208,701,0.069
208,801,0.070
208,901,0.086
208,1001,0.082
208,1101,0.078
209,1,0.001
209,101,0.064
209,201,0.055
209,301,0.067
209,401,0.072
209,501,0.071
209,601,0.072
209,701,0.074
209,801,0.084
209,901,0.072
209,1001,0.076
209,1101,0.076
210,1,0.000
210,101,0.054
210,201,0.057
210,301,0.066
210,401,0.068
210,501,0.075
210,601,0.084
210,701,0.072
210,801,0.082
210,901,0.072
210,1001,0.085
210,1101,0.075
211,1,0.001
211,101,0.054
211,201,0.062
211,301,0.064
211,401,0.071
211,501,0.075
211,601,0.072
211,701,0.070
211,801,0.083
211,901,0.087
211,1001,0.080
211,1101,0.071
212,1,0.000
212,101,0.051
212,201,0.058
212,301,0.062
212,401,0.071
212,501,0.063
212,601,0.074
212,701,0.072
212,801,0.071
212,901,0.080
212,1001,0.093
212,1101,0.069
213,1,0.001
213,101,0.061
213,201,0.060
213,301,0.067
213,401,0.068
213,501,0.070
213,601,0.067
213,701,0.069
213,801,0.079
213,901,0.076
213,1001,0.076
213,1101,0.082
214,1,0.001
214,101,0.052
214,201,0.056
214,301,0.062
214,401,0.064
214,501,0.069
214,601,0.077
214,701,0.077
214,801,0.077
214,901,0.072
214,1001,0.082
214,1101,0.076
215,1,0.000
215,101,0.055
215,201,0.052
215,301,0.062
215,401,0.064
215,501,0.069
215,601,0.064
215,701,0.076
215,801,0.076
215,901,0.075
215,1001,0.079
215,1101,0.070
216,1,0.001
216,101,0.053
216,201,0.057
216,301,0.058
216,401,0.064
216,501,0.059
216,601,0.066
216,701,0.082
216,801,0.068
216,901,0.075
216,1001,0.081
216,1101,0.082
217,1,0.001
217,101,0.053
217,201,0.053
217,301,0.059
217,401,0.077
217,501,0.069
217,601,0.079
217,701,0.078
217,801,0.066
217,901,0.066
217,1001,0.069
217,1101,0.069
218,1,0.000
218,101,0.042
218,201,0.056
218,301,0.064
218,401,0.070
218,501,0.059
218,601,0.075
218,701,0.064
218,801,0.058
218,901,0.073
218,1001,0.078
218,1101,0.074
219,1,0.001
219,101,0.056
219,201,0.057
219,301,0.057
219,401,0.067
219,501,0.054
219,601,0.063
219,701,0.070
219,801,0.069
219,901,0.064
219,1001,0.080
219,1101,0.070
220,1,0.001
220,101,0.048
220,201,0.057
220,301,0.062
220,401,0.065
220,501,0.064
220,601,0.063
220,701,0.060
220,801,0.073
220,901,0.065
220,1001,0.076
220,1101,0.071
221,1,0.001
221,101,0.056
221,201,0.058
221,301,0.055
221,401,0.068
221,501,0.057
221,601,0.057
221,701,0.078
221,801,0.077
221,901,0.084
221,1001,0.073
221,1101,0.081
222,1,0.001
222,101,0.061
222,201,0.064
222,301,0.069
222,401,0.074
222,501,0.074
222,601,0.067
222,701,0.058
222,801,0.069
222,901,0.072
222,1001,0.076
222,1101,0.069
223,1,0.005
223,101,0.056
223,201,0.051
223,301,0.049
223,401,0.059
223,501,0.060
223,601,0.063
223,701,0.057
223,801,0.075
223,901,0.077
223,1001,0.081
223,1101,0.071
224,1,0.000
224,101,0.061
224,201,0.066
224,301,0.063
224,401,0.056
224,501,0.063
224,601,0.058
224,701,0.060
224,801,0.071
224,901,0.068
224,1001,0.065
224,1101,0.063
225,1,0.001
225,101,0.048
225,201,0.057
225,301,0.066
225,401,0.060
225,501,0.069
225,601,0.064
225,701,0.066
225,801,0.063
225,901,0.061
225,1001,0.084
225,1101,0.072
226,1,0.000
226,101,0.061
226,201,0.047
226,301,0.064
226,401,0.055
226,501,0.060
226,601,0.063
226,701,0.067
226,801,0.065
226,901,0.060
226,1001,0.068
226,1101,0.071
227,1,0.000
227,101,0.048
227,201,0.046
227,301,0.061
227,401,0.071
227,501,0.064
227,601,0.064
227,701,0.076
227,801,0.062
227,901,0.070
227,1001,0.068
227,1101,0.072
228,1,0.000
228,101,0.061
228,201,0.047
228,301,0.054
228,401,0.094
228,501,0.075
228,601,0.079
228,701,0.094
228,801,0.074
228,901,0.067
228,1001,0.070
228,1101,0.086
229,1,0.000
229,101,0.060
229,201,0.066
229,301,0.074
229,401,0.083
229,501,0.069
229,601,0.083
229,701,0.071
229,801,0.074
229,901,0.072
229,1001,0.078
229,1101,0.076
230,1,0.000
230,101,0.055
230,201,0.059
230,301,0.058
230,401,0.060
230,501,0.065
230,601,0.066
230,701,0.071
230,801,0.070
230,901,0.078
230,1001,0.069
230,1101,0.076
231,1,0.000
231,101,0.056
231,201,0.056
231,301,0.074
231,401,0.066
231,501,0.063
231,601,0.055
231,701,0.066
231,801,0.058
231,901,0.061
231,1001,0.072
231,1101,0.074
232,1,0.000
232,101,0.045
232,201,0.053
232,301,0.056
232,401,0.062
232,501,0.061
232,601,0.066
232,701,0.057
232,801,0.070
232,901,0.063
232,1001,0.079
232,1101,0.069
233,1,0.000
233,101,0.053
233,201,0.056
233,301,0.051
233,401,0.050
233,501,0.052
233,601,0.058
233,701,0.066
233,801,0.071
233,901,0.057
233,1001,0.065
233,1101,0.069
234,1,0.000
234,101,0.047
234,201,0.092
234,301,0.064
234,401,0.062
234,501,0.063
234,601,0.073
234,701,0.059
234,801,0.073
234,901,0.066
234,1001,0.069
234,1101,0.066
235,1,0.000
235,101,0.038
235,201,0.050
235,301,0.049
235,401,0.058
235,501,0.051
235,601,0.064
235,701,0.060
235,801,0.059
235,901,0.064
235,1001,0.057
235,1101,0.077
236,1,0.000
236,101,0.043
236,201,0.058
236,301,0.056
236,401,0.054
236,501,0.062
236,601,0.055
236,701,0.058
236,801,0.070
236,901,0.058
236,1001,0.061
236,1101,0.060
237,1,0.001
237,101,0.057
237,201,0.046
237,301,0.057
237,401,0.047
237,501,0.057
237,601,0.068
237,701,0.051
237,801,0.056
237,901,0.064
237,1001,0.063
237,1101,0.061
238,1,0.000
238,101,0.039
238,201,0.050
238,301,0.053
238,401,0.044
238,501,0.053
238,601,0.049
238,701,0.060
238,801,0.061
238,901,0.057
238,1001,0.065
238,1101,0.070
239,1,0.001
239,101,0.041
239,201,0.051
239,301,0.050
239,401,0.052
239,501,0.050
239,601,0.050
239,701,0.056
239,801,0.063
239,901,0.059
239,1001,0.057
239,1101,0.054
240,1,0.000
240,101,0.047
240,201,0.042
240,301,0.057
240,401,0.055
240,501,0.048
240,601,0.054
240,701,0.052
240,801,0.046
240,901,0.050
240,1001,0.061
240,1101,0.059
241,1,0.001
241,101,0.035
241,201,0.036
241,301,0.055
241,401,0.047
241,501,0.055
241,601,0.053
241,701,0.051
241,801,0.053
241,901,0.056
241,1001,0.058
241,1101,0.055
242,1,0.000
242,101,0.052
242,201,0.046
242,301,0.053
242,401,0.047
242,501,0.056
242,601,0.055
242,701,0.053
242,801,0.061
242,901,0.054
242,1001,0.058
242,1101,0.059
243,1,0.001
243,101,0.043
243,201,0.052
243,301,0.049
243,401,0.052
243,501,0.043
243,601,0.049
243,701,0.055
243,801,0.061
243,901,0.056
243,1001,0.063
243,1101,0.063
244,1,0.000
244,101,0.032
244,201,0.047
244,301,0.049
244,401,0.052
244,501,0.042
244,601,0.052
244,701,0.057
244,801,0.050
244,901,0.054
244,1001,0.056
244,1101,0.054
245,1,0.000
245,101,0.037
245,201,0.051
245,301,0.047
245,401,0.047
245,501,0.042
245,601,0.053
245,701,0.054
245,801,0.052
245,901,0.061
245,1001,0.054
245,1101,0.064
246,1,0.001
246,101,0.041
246,201,0.053
246,301,0.048
246,401,0.051
246,501,0.051
246,601,0.045
246,701,0.056
246,801,0.064
246,901,0.054
246,1001,0.059
246,1101,0.055
247,1,0.001
247,101,0.040
247,201,0.044
247,301,0.057
247,401,0.048
247,501,0.050
247,601,0.058
247,701,0.055
247,801,0.056
247,901,0.056
247,1001,0.053
247,1101,0.065
248,1,0.000
248,101,0.039
248,201,0.044
248,301,0.053
248,401,0.058
248,501,0.052
248,601,0.040
248,701,0.053
248,801,0.053
248,901,0.044
248,1001,0.051
248,1101,0.057
249,1,0.001
249,101,0.038
249,201,0.069
249,301,0.041
249,401,0.051
249,501,0.046
249,601,0.052
249,701,0.044
249,801,0.057
249,901,0.054
249,1001,0.059
249,1101,0.060
250,1,0.000
250,101,0.036
250,201,0.034
250,301,0.043
250,401,0.050
250,501,0.051
250,601,0.046
250,701,0.045
250,801,0.051
250,901,0.055
250,1001,0.061
250,1101,0.053
251,1,0.000
251,101,0.043
251,201,0.044
251,301,0.050
251,401,0.054
251,501,0.044
251,601,0.049
251,701,0.053
251,801,0.056
251,901,0.051
251,1001,0.047
251,1101,0.053
252,1,0.000
252,101,0.034
252,201,0.041
252,301,0.043
252,401,0.043
252,501,0.060
252,601,0.051
252,701,0.057
252,801,0.055
252,901,0.059
252,1001,0.048
252,1101,0.055
253,1,0.000
253,101,0.041
253,201,0.044
253,301,0.043
253,401,0.040
253,501,0.046
253,601,0.047
253,701,0.062
253,801,0.050
253,901,0.056
253,1001,0.052
253,1101,0.055
254,1,0.000
254,101,0.045
254,201,0.045
254,301,0.089
254,401,0.100
254,501,0.089
254,601,0.076
254,701,0.075
254,801,0.074
254,901,0.079
254,1001,0.077
254,1101,0.071
255,1,0.001
255,101,0.055
255,201,0.073
255,301,0.142
255,401,0.098
255,501,0.089
255,601,0.104
255,701,0.087
255,801,0.102
255,901,0.089
255,1001,0.090
255,1101,0.080
256,1,0.001
256,101,0.058
256,201,0.066
256,301,0.073
256,401,0.069
256,501,0.069
256,601,0.077
256,701,0.063
256,801,0.062
256,901,0.068
256,1001,0.065
256,1101,0.059
257,1,0.001
257,101,0.045
257,201,0.062
257,301,0.051
257,401,0.053
257,501,0.058
257,601,0.060
257,701,0.060
257,801,0.063
257,901,0.056
257,1001,0.065
257,1101,0.067
258,1,0.000
258,101,0.039
258,201,0.047
258,301,0.054
258,401,0.053
258,501,0.055
258,601,0.053
258,701,0.064
258,801,0.060
258,901,0.060
258,1001,0.062
258,1101,0.062
259,1,0.000
259,101,0.052
259,201,0.045
259,301,0.052
259,401,0.049
259,501,0.055
259,601,0.060
259,701,0.063
259,801,0.065
259,901,0.057
259,1001,0.055
259,1101,0.057
260,1,0.000
260,101,0.047
260,201,0.046
260,301,0.054
260,401,0.044
260,501,0.055
260,601,0.060
260,701,0.053
260,801,0.047
260,901,0.054
260,1001,0.053
260,1101,0.059
261,1,0.000
261,101,0.032
261,201,0.039
261,301,0.061
261,401,0.047
261,501,0.043
261,601,0.043
261,701,0.062
261,801,0.059
261,901,0.059
261,1001,0.057
261,1101,0.053
262,1,0.000
262,101,0.042
262,201,0.046
262,301,0.042
262,401,0.040
262,501,0.052
262,601,0.058
262,701,0.053
262,801,0.063
262,901,0.059
262,1001,0.059
262,1101,0.058
263,1,0.000
263,101,0.048
263,201,0.045
263,301,0.042
263,401,0.045
263,501,0.048
263,601,0.056
263,701,0.052
263,801,0.049
263,901,0.055
263,1001,0.049
263,1101,0.051
264,1,0.001
264,101,0.047
264,201,0.037
264,301,0.038
264,401,0.042
264,501,0.053
264,601,0.046
264,701,0.046
264,801,0.060
264,901,0.047
264,1001,0.042
264,1101,0.050
265,1,0.000
265,101,0.036
265,201,0.045
265,301,0.042
265,401,0.042
265,501,0.049
265,601,0.059
265,701,0.041
265,801,0.050
265,901,0.049
265,1001,0.047
265,1101,0.054
266,1,0.000
266,101,0.035
266,201,0.034
266,301,0.037
266,401,0.056
266,501,0.047
266,601,0.048
266,701,0.051
266,801,0.044
266,901,0.049
266,1001,0.047
266,1101,0.049
267,1,0.000
267,101,0.037
267,201,0.034
267,301,0.044
267,401,0.047
267,501,0.049
267,601,0.043
267,701,0.059
267,801,0.047
267,901,0.055
267,1001,0.043
267,1101,0.051
268,1,0.000
268,101,0.039
268,201,0.039
268,301,0.031
268,401,0.036
268,501,0.048
268,601,0.045
268,701,0.056
268,801,0.042
268,901,0.047
268,1001,0.045
268,1101,0.048
269,1,0.000
269,101,0.035
269,201,0.042
269,301,0.041
269,401,0.037
269,501,0.054
269,601,0.048
269,701,0.043
269,801,0.045
269,901,0.043
269,1001,0.054
269,1101,0.044
270,1,0.000
270,101,0.038
270,201,0.030
270,301,0.043
270,401,0.037
270,501,0.041
270,601,0.040
270,701,0.044
270,801,0.046
270,901,0.045
270,1001,0.061
270,1101,0.047
271,1,0.000
271,101,0.039
271,201,0.036
271,301,0.039
271,401,0.046
271,501,0.041
271,601,0.046
271,701,0.046
271,801,0.037
271,901,0.044
271,1001,0.047
271,1101,0.055
272,1,0.000
272,101,0.040
272,201,0.040
272,301,0.041
272,401,0.036
272,501,0.041
272,601,0.043
272,701,0.046
272,801,0.043
272,901,0.051
272,1001,0.058
272,1101,0.063
273,1,0.000
273,101,0.046
273,201,0.037
273,301,0.042
273,401,0.047
273,501,0.049
273,601,0.042
273,701,0.053
273,801,0.044
273,901,0.045
273,1001,0.060
273,1101,0.060
274,1,0.000
274,101,0.037
274,201,0.044
274,301,0.048
274,401,0.058
274,501,0.047
274,601,0.050
274,701,0.054
274,801,0.052
274,901,0.064
274,1001,0.062
274,1101,0.058
275,1,0.000
275,101,0.040
275,201,0.047
275,301,0.038
275,401,0.043
275,501,0.045
275,601,0.046
275,701,0.077
275,801,0.080
275,901,0.061
275,1001,0.058
275,1101,0.062
276,1,0.000
276,101,0.035
276,201,0.042
276,301,0.041
276,401,0.041
276,501,0.047
276,601,0.046
276,701,0.056
276,801,0.059
276,901,0.053
276,1001,0.054
276,1101,0.052
277,1,0.000
277,101,0.035
277,201,0.039
277,301,0.051
277,401,0.039
277,501,0.043
277,601,0.052
277,701,0.044
277,801,0.046
277,901,0.046
277,1001,0.050
277,1101,0.052
278,1,0.000
278,101,0.033
278,201,0.040
278,301,0.035
278,401,0.047
278,501,0.050
278,601,0.041
278,701,0.039
278,801,0.051
278,901,0.048
278,1001,0.041
278,1101,0.050
279,1,0.000
279,101,0.032
279,201,0.036
279,301,0.044
279,401,0.044
279,501,0.044
279,601,0.044
279,701,0.046
279,801,0.044
279,901,0.049
279,1001,0.042
279,1101,0.045
280,1,0.000
280,101,0.033
280,201,0.032
280,301,0.035
280,401,0.042
280,501,0.040
280,601,0.040
280,701,0.038
280,801,0.050
280,901,0.048
280,1001,0.040
280,1101,0.044
281,1,0.000
281,101,0.033
281,201,0.025
281,301,0.028
281,401,0.040
281,501,0.040
281,601,0.048
281,701,0.039
281,801,0.045
281,901,0.043
281,1001,0.035
281,1101,0.042
282,1,0.000
282,101,0.034
282,201,0.040
282,301,0.033
282,401,0.033
282,501,0.046
282,601,0.043
282,701,0.045
282,801,0.045
282,901,0.040
282,1001,0.034
282,1101,0.041
283,1,0.000
283,101,0.031
283,201,0.037
283,301,0.033
283,401,0.030
283,501,0.043
283,601,0.040
283,701,0.041
283,801,0.044
283,901,0.048
283,1001,0.054
283,1101,0.045
284,1,0.000
284,101,0.028
284,201,0.036
284,301,0.027
284,401,0.040
284,501,0.037
284,601,0.041
284,701,0.048
284,801,0.037
284,901,0.046
284,1001,0.040
284,1101,0.042
285,1,0.000
285,101,0.031
285,201,0.037
285,301,0.036
285,401,0.039
285,501,0.036
285,601,0.043
285,701,0.038
285,801,0.040
285,901,0.048
285,1001,0.039
285,1101,0.044
286,1,0.000
286,101,0.038
286,201,0.039
286,301,0.035
286,401,0.030
286,501,0.042
286,601,0.039
286,701,0.033
286,801,0.042
286,901,0.047
286,1001,0.042
286,1101,0.046
287,1,0.001
287,101,0.028
287,201,0.035
287,301,0.033
287,401,0.027
287,501,0.035
287,601,0.041
287,701,0.035
287,801,0.042
287,901,0.039
287,1001,0.047
287,1101,0.042
288,1,0.000
288,101,0.034
288,201,0.026
288,301,0.028
288,401,0.045
288,501,0.037
288,601,0.037
288,701,0.039
288,801,0.041
288,901,0.042
288,1001,0.048
288,1101,0.040
289,1,0.000
289,101,0.027
289,201,0.029
289,301,0.034
289,401,0.041
289,501,0.039
289,601,0.041
289,701,0.037
289,801,0.043
289,901,0.049
289,1001,0.043
289,1101,0.047
290,1,0.000
290,101,0.027
290,201,0.030
290,301,0.033
290,401,0.036
290,501,0.046
290,601,0.040
290,701,0.033
290,801,0.036
290,901,0.037
290,1001,0.049
290,1101,0.040
291,1,0.000
291,101,0.031
291,201,0.032
291,301,0.040
291,401,0.036
291,501,0.030
291,601,0.037
291,701,0.042
291,801,0.039
291,901,0.037
291,1001,0.042
291,1101,0.035
292,1,0.001
292,101,0.034
292,201,0.031
292,301,0.033
292,401,0.037
292,501,0.026
292,601,0.042
292,701,0.034
292,801,0.038
292,901,0.043
292,1001,0.042
292,1101,0.039
293,1,0.000
293,101,0.028
293,201,0.035
293,301,0.034
293,401,0.030
293,501,0.043
293,601,0.038
293,701,0.036
293,801,0.041
293,901,0.035
293,1001,0.035
293,1101,0.040
294,1,0.000
294,101,0.034
294,201,0.029
294,301,0.033
294,401,0.034
294,501,0.038
294,601,0.033
294,701,0.033
294,801,0.035
294,901,0.041
294,1001,0.044
294,1101,0.038
295,1,0.000
295,101,0.026
295,201,0.028
295,301,0.030
295,401,0.037
295,501,0.027
295,601,0.037
295,701,0.039
295,801,0.033
295,901,0.041
295,1001,0.045
295,1101,0.043
296,1,0.000
296,101,0.024
296,201,0.029
296,301,0.029
296,401,0.029
296,501,0.032
296,601,0.035
296,701,0.040
296,801,0.041
296,901,0.037
296,1001,0.036
296,1101,0.045
297,1,0.000
297,101,0.029
297,201,0.027
297,301,0.035
297,401,0.034
297,501,0.028
297,601,0.032
297,701,0.039
297,801,0.038
297,901,0.036
297,1001,0.047
297,1101,0.042
298,1,0.000
298,101,0.024
298,201,0.037
298,301,0.033
298,401,0.032
298,501,0.027
298,601,0.033
298,701,0.033
298,801,0.032
298,901,0.034
298,1001,0.040
298,1101,0.039
299,1,0.001
299,101,0.026
299,201,0.028
299,301,0.034
299,401,0.030
299,501,0.039
299,601,0.027
299,701,0.036
299,801,0.042
299,901,0.040
299,1001,0.037
299,1101,0.036
300,1,0.000
300,101,0.024
300,201,0.030
300,301,0.025
300,401,0.041
300,501,0.035
300,601,0.036
300,701,0.031
300,801,0.041
300,901,0.040
300,1001,0.037
300,1101,0.033
301,1,0.000
301,101,0.026
301,201,0.032
301,301,0.031
301,401,0.036
301,501,0.032
301,601,0.037
301,701,0.035
301,801,0.038
301,901,0.039
301,1001,0.037
301,1101,0.033
302,1,0.000
302,101,0.030
302,201,0.027
302,301,0.025
302,401,0.039
302,501,0.034
302,601,0.030
302,701,0.039
302,801,0.032
302,901,0.041
302,1001,0.034
302,1101,0.040
303,1,0.000
303,101,0.024
303,201,0.028
303,301,0.029
303,401,0.028
303,501,0.027
303,601,0.037
303,701,0.037
303,801,0.046
303,901,0.041
303,1001,0.028
303,1101,0.036
304,1,0.000
304,101,0.025
304,201,0.032
304,301,0.025
304,401,0.028
304,501,0.023
304,601,0.034
304,701,0.034
304,801,0.042
304,901,0.044
304,1001,0.037
304,1101,0.047
305,1,0.000
305,101,0.030
305,201,0.025
305,301,0.034
305,401,0.026
305,501,0.031
305,601,0.038
305,701,0.031
305,801,0.033
305,901,0.035
305,1001,0.029
305,1101,0.041
306,1,0.000
306,101,0.029
306,201,0.035
306,301,0.027
306,401,0.027
306,501,0.027
306,601,0.035
306,701,0.041
306,801,0.051
306,901,0.042
306,1001,0.039
306,1101,0.039
307,1,0.000
307,101,0.028
307,201,0.027
307,301,0.032
307,401,0.036
307,501,0.033
307,601,0.041
307,701,0.037
307,801,0.033
307,901,0.030
307,1001,0.033
307,1101,0.037
308,1,0.000
308,101,0.031
308,201,0.029
308,301,0.029
308,401,0.033
308,501,0.029
308,601,0.033
308,701,0.040
308,801,0.040
308,901,0.031
308,1001,0.043
308,1101,0.032
309,1,0.000
309,101,0.017
309,201,0.021
309,301,0.029
309,401,0.031
309,501,0.028
309,601,0.034
309,701,0.086
309,801,0.062
309,901,0.047
309,1001,0.047
309,1101,0.047
310,1,0.000
310,101,0.032
310,201,0.035
310,301,0.037
310,401,0.043
310,501,0.042
310,601,0.042
310,701,0.042
310,801,0.041
310,901,0.038
310,1001,0.044
310,1101,0.038
311,1,0.000
311,101,0.027
311,201,0.032
311,301,0.036
311,401,0.032
311,501,0.030
311,601,0.031
311,701,0.036
311,801,0.035
311,901,0.042
311,1001,0.037
311,1101,0.043
312,1,0.000
312,101,0.025
312,201,0.027
312,301,0.027
312,401,0.026
312,501,0.037
312,601,0.036
312,701,0.031
312,801,0.035
312,901,0.038
312,1001,0.038
312,1101,0.042
313,1,0.000
313,101,0.022
313,201,0.030
313,301,0.028
313,401,0.036
313,501,0.041
313,601,0.030
313,701,0.027
313,801,0.033
313,901,0.035
313,1001,0.033
313,1101,0.038
314,1,0.000
314,101,0.030
314,201,0.031
314,301,0.026
314,401,0.035
314,501,0.030
314,601,0.034
314,701,0.040
314,801,0.035
314,901,0.037
314,1001,0.036
314,1101,0.038
315,1,0.000
315,101,0.028
315,201,0.032
315,301,0.029
315,401,0.030
315,501,0.032
315,601,0.032
315,701,0.036
315,801,0.032
315,901,0.033
315,1001,0.032
315,1101,0.041
316,1,0.000
316,101,0.022
316,201,0.026
316,301,0.029
316,401,0.032
316,501,0.028
316,601,0.028
316,701,0.026
316,801,0.030
316,901,0.038
316,1001,0.040
316,1101,0.036
317,1,0.000
317,101,0.026
317,201,0.027
317,301,0.034
317,401,0.030
317,501,0.031
317,601,0.030
317,701,0.025
317,801,0.030
317,901,0.036
317,1001,0.034
317,1101,0.036
318,1,0.000
318,101,0.022
318,201,0.024
318,301,0.024
318,401,0.032
318,501,0.033
318,601,0.028
318,701,0.039
318,801,0.032
318,901,0.035
318,1001,0.045
318,1101,0.035
319,1,0.000
319,101,0.021
319,201,0.026
319,301,0.029
319,401,0.027
319,501,0.029
319,601,0.022
319,701,0.031
319,801,0.035
319,901,0.029
319,1001,0.034
319,1101,0.039
320,1,0.000
320,101,0.020
320,201,0.026
320,301,0.031
320,401,0.040
320,501,0.035
320,601,0.027
320,701,0.037
320,801,0.030
320,901,0.038
320,1001,0.040
320,1101,0.032
321,1,0.000
321,101,0.026
321,201,0.032
321,301,0.025
321,401,0.027
321,501,0.030
321,601,0.031
321,701,0.042
321,801,0.030
321,901,0.033
321,1001,0.026
321,1101,0.026
322,1,0.000
322,101,0.026
322,201,0.022
322,301,0.024
322,401,0.026
322,501,0.032
322,601,0.035
322,701,0.037
322,801,0.041
322,901,0.029
322,1001,0.040
322,1101,0.034
323,1,0.000
323,101,0.028
323,201,0.023
323,301,0.026
323,401,0.031
323,501,0.039
323,601,0.027
323,701,0.029
323,801,0.031
323,901,0.034
323,1001,0.029
323,1101,0.033
324,1,0.000
324,101,0.026
324,201,0.030
324,301,0.030
324,401,0.032
324,501,0.028
324,601,0.028
324,701,0.023
324,801,0.035
324,901,0.023
324,1001,0.033
324,1101,0.033
325,1,0.000
325,101,0.023
325,201,0.029
325,301,0.025
325,401,0.026
325,501,0.028
325,601,0.026
325,701,0.024
325,801,0.039
325,901,0.030
325,1001,0.044
325,1101,0.033
326,1,0.000
326,101,0.023
326,201,0.026
326,301,0.021
326,401,0.026
326,501,0.030
326,601,0.042
326,701,0.040
326,801,0.032
326,901,0.039
326,1001,0.031
326,1101,0.042
327,1,0.000
327,101,0.032
327,201,0.025
327,301,0.026
327,401,0.025
327,501,0.029
327,601,0.032
327,701,0.032
327,801,0.025
327,901,0.026
327,1001,0.032
327,1101,0.041
328,1,0.000
328,101,0.023
328,201,0.025
328,301,0.028
328,401,0.028
328,501,0.028
328,601,0.026
328,701,0.023
328,801,0.029
328,901,0.025
328,1001,0.031
328,1101,0.028
329,1,0.000
329,101,0.021
329,201,0.024
329,301,0.023
329,401,0.026
329,501,0.023
329,601,0.026
329,701,0.036
329,801,0.026
329,901,0.030
329,1001,0.032
329,1101,0.035
330,1,0.000
330,101,0.025
330,201,0.023
330,301,0.021
330,401,0.027
330,501,0.031
330,601,0.033
330,701,0.035
330,801,0.023
330,901,0.029
330,1001,0.029
330,1101,0.039
331,1,0.000
331,101,0.022
331,201,0.021
331,301,0.024
331,401,0.031
331,501,0.028
331,601,0.023
331,701,0.032
331,801,0.028
331,901,0.030
331,1001,0.027
331,1101,0.028
332,1,0.000
332,101,0.023
332,201,0.023
332,301,0.019
332,401,0.022
332,501,0.026
332,601,0.030
332,701,0.028
332,801,0.027
332,901,0.023
332,1001,0.033
332,1101,0.031
333,1,0.000
333,101,0.017
333,201,0.023
333,301,0.033
333,401,0.024
333,501,0.028
333,601,0.020
333,701,0.035
333,801,0.029
333,901,0.029
333,1001,0.027
333,1101,0.033
334,1,0.000
334,101,0.022
334,201,0.020
334,301,0.027
334,401,0.027
334,501,0.025
334,601,0.024
334,701,0.033
334,801,0.038
334,901,0.036
334,1001,0.034
334,1101,0.029
335,1,0.000
335,101,0.014
335,201,0.019
335,301,0.029
335,401,0.027
335,501,0.027
335,601,0.027
335,701,0.024
335,801,0.028
335,901,0.038
335,1001,0.027
335,1101,0.027
336,1,0.000
336,101,0.024
336,201,0.022
336,301,0.029
336,401,0.025
336,501,0.031
336,601,0.031
336,701,0.025
336,801,0.030
336,901,0.031
336,1001,0.032
336,1101,0.029
337,1,0.000
337,101,0.023
337,201,0.021
337,301,0.023
337,401,0.027
337,501,0.024
337,601,0.025
337,701,0.030
337,801,0.030
337,901,0.032
337,1001,0.027
337,1101,0.026
338,1,0.000
338,101,0.022
338,201,0.022
338,301,0.019
338,401,0.031
338,501,0.025
338,601,0.031
338,701,0.029
338,801,0.032
338,901,0.036
338,1001,0.028
338,1101,0.035
339,1,0.000
339,101,0.018
339,201,0.026
339,301,0.031
339,401,0.024
339,501,0.024
339,601,0.033
339,701,0.024
339,801,0.028
339,901,0.036
339,1001,0.032
339,1101,0.028
340,1,0.000
340,101,0.020
340,201,0.022
340,301,0.022
340,401,0.028
340,501,0.025
340,601,0.024
340,701,0.022
340,801,0.030
340,901,0.035
340,1001,0.033
340,1101,0.029
341,1,0.000
341,101,0.023
341,201,0.026
341,301,0.024
341,401,0.025
341,501,0.027
341,601,0.035
341,701,0.024
341,801,0.035
341,901,0.035
341,1001,0.029
341,1101,0.028
342,1,0.000
342,101,0.021
342,201,0.024
342,301,0.021
342,401,0.024
342,501,0.028
342,601,0.026
342,701,0.037
342,801,0.024
342,901,0.048
342,1001,0.027
342,1101,0.027
343,1,0.000
343,101,0.023
343,201,0.025
343,301,0.028
343,401,0.032
343,501,0.023
343,601,0.025
343,701,0.027
343,801,0.031
343,901,0.025
343,1001,0.025
343,1101,0.035
344,1,0.000
344,101,0.019
344,201,0.020
344,301,0.021
344,401,0.026
344,501,0.024
344,601,0.031
344,701,0.026
344,801,0.036
344,901,0.031
344,1001,0.028
344,1101,0.033
345,1,0.000
345,101,0.022
345,201,0.039
345,301,0.029
345,401,0.021
345,501,0.026
345,601,0.024
345,701,0.028
345,801,0.040
345,901,0.027
345,1001,0.032
345,1101,0.031
346,1,0.000
346,101,0.025
346,201,0.017
346,301,0.028
346,401,0.025
346,501,0.027
346,601,0.030
346,701,0.030
346,801,0.024
346,901,0.032
346,1001,0.027
346,1101,0.029
347,1,0.000
347,101,0.020
347,201,0.023
347,301,0.032
347,401,0.029
347,501,0.029
347,601,0.030
347,701,0.022
347,801,0.027
347,901,0.032
347,1001,0.024
347,1101,0.033
348,1,0.000
348,101,0.027
348,201,0.020
348,301,0.027
348,401,0.027
348,501,0.020
348,601,0.019
348,701,0.023
348,801,0.029
348,901,0.036
348,1001,0.028
348,1101,0.031
349,1,0.000
349,101,0.019
349,201,0.029
349,301,0.015
349,401,0.023
349,501,0.024
349,601,0.031
349,701,0.024
349,801,0.031
349,901,0.026
349,1001,0.029
349,1101,0.028
350,1,0.000
350,101,0.022
350,201,0.020
350,301,0.022
350,401,0.023
350,501,0.025
350,601,0.025
350,701,0.022
350,801,0.029
350,901,0.030
350,1001,0.030
350,1101,0.032
351,1,0.000
351,101,0.024
351,201,0.028
351,301,0.030
351,401,0.028
351,501,0.032
351,601,0.026
351,701,0.028
351,801,0.029
351,901,0.033
351,1001,0.028
351,1101,0.022
352,1,0.000
352,101,0.026
352,201,0.027
352,301,0.024
352,401,0.022
352,501,0.026
352,601,0.024
352,701,0.022
352,801,0.028
352,901,0.026
352,1001,0.033
352,1101,0.026
353,1,0.000
353,101,0.020
353,201,0.024
353,301,0.024
353,401,0.043
353,501,0.044
353,601,0.035
353,701,0.034
353,801,0.031
353,901,0.031
353,1001,0.028
353,1101,0.036
354,1,0.000
354,101,0.021
354,201,0.023
354,301,0.022
354,401,0.031
354,501,0.022
354,601,0.022
354,701,0.022
354,801,0.040
354,901,0.034
354,1001,0.038
354,1101,0.049
355,1,0.001
355,101,0.071
355,201,0.035
355,301,0.034
355,401,0.040
355,501,0.043
355,601,0.039
355,701,0.037
355,801,0.034
355,901,0.041
355,1001,0.041
355,1101,0.035
356,1,0.000
356,101,0.026
356,201,0.025
356,301,0.019
356,401,0.026
356,501,0.025
356,601,0.032
356,701,0.035
356,801,0.033
356,901,0.037
356,1001,0.030
356,1101,0.025
357,1,0.000
357,101,0.027
357,201,0.021
357,301,0.029
357,401,0.030
357,501,0.033
357,601,0.028
357,701,0.022
357,801,0.055
357,901,0.038
357,1001,0.031
357,1101,0.029
358,1,0.000
358,101,0.028
358,201,0.029
358,301,0.024
358,401,0.021
358,501,0.026
358,601,0.032
358,701,0.026
358,801,0.032
358,901,0.029
358,1001,0.029
358,1101,0.033
359,1,0.000
359,101,0.018
359,201,0.026
359,301,0.021
359,401,0.022
359,501,0.024
359,601,0.024
359,701,0.023
359,801,0.027
359,901,0.035
359,1001,0.028
359,1101,0.034
360,1,0.000
360,101,0.027
360,201,0.025
360,301,0.027
360,401,0.024
360,501,0.025
360,601,0.025
360,701,0.019
360,801,0.028
360,901,0.029
360,1001,0.023
360,1101,0.025
361,1,0.000
361,101,0.028
361,201,0.024
361,301,0.027
361,401,0.023
361,501,0.021
361,601,0.026
361,701,0.028
361,801,0.024
361,901,0.031
361,1001,0.027
361,1101,0.032
362,1,0.000
362,101,0.019
362,201,0.023
362,301,0.023
362,401,0.024
362,501,0.022
362,601,0.023
362,701,0.027
362,801,0.031
362,901,0.022
362,1001,0.034
362,1101,0.031
363,1,0.001
363,101,0.020
363,201,0.026
363,301,0.021
363,401,0.019
363,501,0.019
363,601,0.030
363,701,0.035
363,801,0.024
363,901,0.023
363,1001,0.028
363,1101,0.023
364,1,0.000
364,101,0.019
364,201,0.026
364,301,0.029
364,401,0.023
364,501,0.028
364,601,0.020
364,701,0.022
364,801,0.020
364,901,0.026
364,1001,0.031
364,1101,0.023
365,1,0.000
365,101,0.018
365,201,0.017
365,301,0.019
365,401,0.020
365,501,0.026
365,601,0.033
365,701,0.021
365,801,0.026
365,901,0.029
365,1001,0.031
365,1101,0.024
366,1,0.000
366,101,0.019
366,201,0.022
366,301,0.023
366,401,0.020
366,501,0.020
366,601,0.020
366,701,0.021
366,801,0.027
366,901,0.027
366,1001,0.023
366,1101,0.024
367,1,0.000
367,101,0.055
367,201,0.030
367,301,0.030
367,401,0.024
367,501,0.030
367,601,0.024
367,701,0.029
367,801,0.040
367,901,0.037
367,1001,0.026
367,1101,0.025
368,1,0.001
368,101,0.022
368,201,0.030
368,301,0.024
368,401,0.027
368,501,0.025
368,601,0.021
368,701,0.025
368,801,0.024
368,901,0.031
368,1001,0.024
368,1101,0.031
369,1,0.000
369,101,0.012
369,201,0.020
369,301,0.021
369,401,0.032
369,501,0.024
369,601,0.019
369,701,0.019
369,801,0.028
369,901,0.030
369,1001,0.054
369,1101,0.031
370,1,0.000
370,101,0.019
370,201,0.016
370,301,0.023
370,401,0.026
370,501,0.024
370,601,0.019
370,701,0.026
370,801,0.031
370,901,0.032
370,1001,0.028
370,1101,0.024
371,1,0.000
371,101,0.018
371,201,0.019
371,301,0.024
371,401,0.023
371,501,0.030
371,601,0.027
371,701,0.027
371,801,0.029
371,901,0.028
371,1001,0.025
371,1101,0.024
372,1,0.000
372,101,0.019
372,201,0.019
372,301,0.020
372,401,0.023
372,501,0.024
372,601,0.021
372,701,0.024
372,801,0.024
372,901,0.024
372,1001,0.032
372,1101,0.030
373,1,0.000
373,101,0.018
373,201,0.023
373,301,0.016
373,401,0.021
373,501,0.025
373,601,0.030
373,701,0.028
373,801,0.022
373,901,0.032
373,1001,0.026
373,1101,0.024
374,1,0.000
374,101,0.018
374,201,0.027
374,301,0.020
374,401,0.018
374,501,0.019
374,601,0.027
374,701,0.015
374,801,0.021
374,901,0.029
374,1001,0.027
374,1101,0.030
375,1,0.000
375,101,0.019
375,201,0.021
375,301,0.023
375,401,0.025
375,501,0.021
375,601,0.018
375,701,0.017
375,801,0.023
375,901,0.023
375,1001,0.030
375,1101,0.026
376,1,0.000
376,101,0.021
376,201,0.019
376,301,0.017
376,401,0.020
376,501,0.019
376,601,0.024
376,701,0.026
376,801,0.034
376,901,0.023
376,1001,0.021
376,1101,0.021
377,1,0.000
377,101,0.018
377,201,0.020
377,301,0.019
377,401,0.020
377,501,0.022
377,601,0.026
377,701,0.033
377,801,0.026
377,901,0.028
377,1001,0.030
377,1101,0.029
378,1,0.000
378,101,0.022
378,201,0.017
378,301,0.020
378,401,0.019
378,501,0.028
378,601,0.022
378,701,0.026
378,801,0.027
378,901,0.024
378,1001,0.023
378,1101,0.019
379,1,0.000
379,101,0.017
379,201,0.024
379,301,0.020
379,401,0.027
379,501,0.021
379,601,0.022
379,701,0.020
379,801,0.025
379,901,0.018
379,1001,0.025
379,1101,0.022
380,1,0.000
380,101,0.017
380,201,0.019
380,301,0.015
380,401,0.022
380,501,0.020
380,601,0.021
380,701,0.026
380,801,0.021
380,901,0.021
380,1001,0.020
380,1101,0.025
381,1,0.000
381,101,0.015
381,201,0.014
381,301,0.022
381,401,0.022
381,501,0.014
381,601,0.023
381,701,0.025
381,801,0.023
381,901,0.033
381,1001,0.024
381,1101,0.022
382,1,0.000
382,101,0.018
382,201,0.024
382,301,0.018
382,401,0.021
382,501,0.019
382,601,0.024
382,701,0.019
382,801,0.020
382,901,0.025
382,1001,0.019
382,1101,0.029
383,1,0.000
383,101,0.020
383,201,0.024
383,301,0.020
383,401,0.013
383,501,0.019
383,601,0.021
383,701,0.018
383,801,0.019
383,901,0.036
383,1001,0.020
383,1101,0.024
384,1,0.000
384,101,0.017
384,201,0.029
384,301,0.019
384,401,0.020
384,501,0.017
384,601,0.025
384,701,0.022
384,801,0.023
384,901,0.026
384,1001,0.020
384,1101,0.026
385,1,0.000
385,101,0.017
385,201,0.015
385,301,0.018
385,401,0.017
385,501,0.020
385,601,0.017
385,701,0.021
385,801,0.021
385,901,0.026
385,1001,0.030
385,1101,0.020
386,1,0.000
386,101,0.020
386,201,0.017
386,301,0.014
386,401,0.024
386,501,0.022
386,601,0.024
386,701,0.020
386,801,0.024
386,901,0.024
386,1001,0.021
386,1101,0.025
387,1,0.001
387,101,0.016
387,201,0.017
387,301,0.023
387,401,0.020
387,501,0.023
387,601,0.021
387,701,0.038
387,801,0.055
387,901,0.024
387,1001,0.024
387,1101,0.029
388,1,0.000
388,101,0.015
388,201,0.015
388,301,0.013
388,401,0.020
388,501,0.019
388,601,0.021
388,701,0.019
388,801,0.029
388,901,0.021
388,1001,0.020
388,1101,0.030
389,1,0.000
389,101,0.011
389,201,0.019
389,301,0.018
389,401,0.020
389,501,0.028
389,601,0.024
389,701,0.024
389,801,0.020
389,901,0.027
389,1001,0.022
389,1101,0.024
390,1,0.000
390,101,0.012
390,201,0.015
390,301,0.018
390,401,0.019
390,501,0.020
390,601,0.021
390,701,0.022
390,801,0.026
390,901,0.025
390,1001,0.021
390,1101,0.031
391,1,0.000
391,101,0.016
391,201,0.022
391,301,0.014
391,401,0.020
391,501,0.017
391,601,0.022
391,701,0.015
391,801,0.017
391,901,0.023
391,1001,0.026
391,1101,0.024
392,1,0.000
392,101,0.011
392,201,0.017
392,301,0.018
392,401,0.017
392,501,0.019
392,601,0.024
392,701,0.022
392,801,0.016
392,901,0.026
392,1001,0.025
392,1101,0.023
393,1,0.000
393,101,0.009
393,201,0.019
393,301,0.015
393,401,0.022
393,501,0.019
393,601,0.024
393,701,0.019
393,801,0.020
393,901,0.022
393,1001,0.018
393,1101,0.031
394,1,0.000
394,101,0.015
394,201,0.019
394,301,0.021
394,401,0.021
394,501,0.018
394,601,0.023
394,701,0.023
394,801,0.022
394,901,0.025
394,1001,0.025
394,1101,0.027
395,1,0.000
395,101,0.015
395,201,0.012
395,301,0.015
395,401,0.020
395,501,0.016
395,601,0.016
395,701,0.022
395,801,0.022
395,901,0.031
395,1001,0.021
395,1101,0.024
396,1,0.000
396,101,0.016
396,201,0.016
396,301,0.016
396,401,0.019
396,501,0.021
396,601,0.028
396,701,0.021
396,801,0.022
396,901,0.028
396,1001,0.026
396,1101,0.015
397,1,0.000
397,101,0.017
397,201,0.021
397,301,0.017
397,401,0.017
397,501,0.018
397,601,0.021
397,701,0.021
397,801,0.020
397,901,0.023
397,1001,0.025
397,1101,0.021
398,1,0.000
398,101,0.013
398,201,0.021
398,301,0.015
398,401,0.022
398,501,0.022
398,601,0.021
398,701,0.023
398,801,0.035
398,901,0.020
398,1001,0.020
398,1101,0.027
399,1,0.000
399,101,0.012
399,201,0.015
399,301,0.018
399,401,0.018
399,501,0.022
399,601,0.023
399,701,0.024
399,801,0.022
399,901,0.022
399,1001,0.020
399,1101,0.020
400,1,0.000
400,101,0.017
400,201,0.020
400,301,0.015
400,401,0.019
400,501,0.023
400,601,0.019
400,701,0.023
400,801,0.023
400,901,0.020
400,1001,0.026
400,1101,0.029
401,1,0.000
401,101,0.019
401,201,0.015
401,301,0.015
401,401,0.020
401,501,0.024
401,601,0.019
401,701,0.021
401,801,0.020
401,901,0.022
401,1001,0.024
401,1101,0.017
402,1,0.000
402,101,0.016
402,201,0.018
402,301,0.017
402,401,0.020
402,501,0.022
402,601,0.018
402,701,0.018
402,801,0.028
402,901,0.027
402,1001,0.021
402,1101,0.026
403,1,0.000
403,101,0.016
403,201,0.014
403,301,0.021
403,401,0.017
403,501,0.016
403,601,0.022
403,701,0.019
403,801,0.027
403,901,0.019
403,1001,0.026
403,1101,0.024
404,1,0.000
404,101,0.012
404,201,0.015
404,301,0.017
404,401,0.022
404,501,0.021
404,601,0.017
404,701,0.023
404,801,0.019
404,901,0.023
404,1001,0.018
404,1101,0.025
405,1,0.000
405,101,0.018
405,201,0.016
405,301,0.018
405,401,0.017
405,501,0.016
405,601,0.020
405,701,0.019
405,801,0.027
405,901,0.019
405,1001,0.020
405,1101,0.025
406,1,0.000
406,101,0.016
406,201,0.021
406,301,0.024
406,401,0.017
406,501,0.022
406,601,0.019
406,701,0.018
406,801,0.022
406,901,0.020
406,1001,0.029
406,1101,0.025
407,1,0.000
407,101,0.013
407,201,0.014
407,301,0.017
407,401,0.020
407,501,0.014
407,601,0.020
407,701,0.026
407,801,0.030
407,901,0.017
407,1001,0.022
407,1101,0.021
408,1,0.000
408,101,0.015
408,201,0.018
408,301,0.016
408,401,0.019
408,501,0.022
408,601,0.018
408,701,0.024
408,801,0.023
408,901,0.021
408,1001,0.018
408,1101,0.020
409,1,0.000
409,101,0.017
409,201,0.014
409,301,0.015
409,401,0.020
409,501,0.018
409,601,0.017
409,701,0.019
409,801,0.025
409,901,0.027
409,1001,0.087
409,1101,0.052
410,1,0.003
410,101,0.023
410,201,0.017
410,301,0.019
410,401,0.022
410,501,0.020
410,601,0.019
410,701,0.024
410,801,0.021
410,901,0.022
410,1001,0.021
410,1101,0.027
411,1,0.000
411,101,0.016
411,201,0.011
411,301,0.014
411,401,0.017
411,501,0.020
411,601,0.019
411,701,0.029
411,801,0.019
411,901,0.018
411,1001,0.020
411,1101,0.035
412,1,0.000
412,101,0.021
412,201,0.020
412,301,0.020
412,401,0.023
412,501,0.020
412,601,0.018
412,701,0.022
412,801,0.024
412,901,0.022
412,1001,0.025
412,1101,0.027
413,1,0.000
413,101,0.017
413,201,0.012
413,301,0.017
413,401,0.024
