1,3.57
2,3.26
3,2.95
4,3.12
5,3.03
6,2.90
7,2.83
8,3.01
9,2.60
10,2.60
11,2.71
12,2.59
13,2.66
14,2.74
15,2.52
16,2.74
17,2.45
18,2.49
19,2.50
20,2.53
21,2.60
22,2.98
23,4.05
24,3.87
25,2.93
26,2.88
27,2.74
28,2.61
29,2.59
30,2.63
31,2.59
32,2.69
33,2.60
34,4.77
35,6.07
36,5.87
37,4.13
38,2.89
39,2.87
40,2.88
41,2.87
42,2.91
43,3.48
44,2.75
45,2.71
46,2.50
47,2.66
48,2.51
49,2.51
50,2.48
51,2.52
52,2.50
53,2.51
54,2.49
55,2.49
56,2.49
57,2.49
58,2.59
59,2.51
60,2.49
61,2.51
62,2.53
63,2.61
64,2.59
65,2.59
66,2.61
67,2.61
68,2.74
69,2.63
70,2.60
71,2.53
72,2.39
73,2.88
74,2.61
75,2.69
76,2.82
77,2.81
78,2.81
79,2.80
80,2.56
81,2.54
82,2.55
83,2.55
84,2.55
85,2.58
86,2.57
87,2.57
88,2.55
89,2.57
90,2.56
91,2.57
92,2.56
93,2.71
94,2.57
95,2.56
96,2.56
97,2.67
98,2.56
99,2.57
100,2.56
101,2.77
102,2.58
103,2.55
104,2.56
105,2.55
106,2.55
107,2.56
108,2.55
109,2.56
110,2.55
111,2.55
112,2.55
113,2.56
114,2.55
115,2.55
116,2.54
117,2.66
118,2.71
119,2.60
120,2.59
121,2.60
122,2.59
123,2.59
124,2.60
125,2.59
126,2.58
127,2.59
128,2.58
129,2.58
130,2.58
131,2.58
132,2.59
133,2.59
134,2.58
135,2.58
136,2.58
137,2.61
138,2.61
139,2.58
140,2.58
141,2.59
142,2.60
143,2.64
144,2.64
145,2.63
146,2.59
147,2.60
148,2.61
149,2.62
150,2.61
151,2.64
152,2.61
153,2.61
154,2.62
155,2.62
156,2.61
157,2.61
158,2.60
159,2.60
160,2.60
161,2.62
162,2.60
163,2.61
164,2.61
165,2.62
166,2.61
167,2.61
168,2.63
169,2.62
170,2.63
171,2.62
172,2.62
173,2.63
174,2.63
175,2.63
176,2.63
177,2.63
178,2.63
179,2.64
180,2.64
181,2.62
182,2.62
183,2.61
184,2.62
185,2.61
186,2.71
187,2.64
188,2.63
189,2.63
190,2.66
191,2.66
192,2.65
193,2.64
194,2.64
195,2.64
196,2.65
197,2.64
198,2.64
199,2.65
200,2.65
201,2.64
202,2.66
203,2.65
204,2.64
205,2.65
206,2.65
207,2.64
208,2.66
209,2.65
210,2.65
211,2.66
212,2.67
213,2.66
214,2.69
215,2.66
216,2.66
217,2.67
218,2.66
219,2.68
220,2.65
221,2.64
222,2.65
223,2.66
224,2.67
225,2.66
226,2.65
227,2.66
228,2.67
229,2.65
230,2.66
231,2.68
232,2.66
233,2.67
234,2.67
235,2.69
236,2.69
237,2.67
238,2.67
239,2.68
240,2.67
241,2.67
242,2.68
243,2.68
244,2.68
245,2.67
246,2.68
247,2.68
248,2.68
249,2.66
250,2.67
251,2.67
252,2.67
253,2.67
254,2.78
255,2.67
256,2.67
257,2.68
258,2.68
259,2.69
260,2.67
261,2.67
262,2.67
263,2.67
264,2.68
265,2.68
266,2.66
267,2.66
268,2.70
269,2.68
270,2.69
271,2.71
272,2.73
273,2.69
274,2.69
275,2.68
276,2.69
277,2.69
278,2.68
279,2.71
280,2.70
281,2.71
282,2.69
283,2.68
284,2.67
285,2.67
286,2.67
287,2.67
288,2.68
289,2.67
290,2.67
291,2.68
292,2.67
293,2.68
294,2.68
295,2.68
296,2.68
297,2.69
298,2.67
299,2.90
300,2.67
301,2.66
302,2.67
303,2.68
304,2.66
305,2.66
306,3.15
307,3.54
308,2.68
309,2.67
310,2.67
311,2.66
312,2.65
313,2.66
314,2.68
315,2.66
316,2.67
317,2.67
318,2.67
319,2.66
320,2.76
321,2.72
322,2.71
323,2.69
324,2.71
325,2.71
326,2.70
327,2.69
328,2.69
329,2.69
330,2.69
331,2.71
332,2.71
333,2.71
334,2.67
335,2.68
336,2.69
337,2.69
338,2.69
339,2.70
340,2.72
341,2.69
342,2.71
343,2.71
344,2.70
345,2.70
346,2.69
347,2.71
348,2.71
349,2.69
350,2.70
351,2.71
352,2.70
353,2.72
354,2.71
355,2.70
356,2.71
357,2.69
358,2.69
359,2.70
360,2.69
361,2.68
362,2.70
363,2.69
364,2.70
365,2.70
366,2.69
367,2.68
368,2.72
369,2.72
370,2.68
371,2.67
372,2.66
373,2.67
374,2.68
375,2.68
376,2.69
377,2.68
378,2.68
379,2.70
380,2.70
381,2.69
382,2.70
383,2.69
384,2.69
385,2.70
386,2.70
387,2.77
388,2.70
389,2.70
390,2.69
391,2.70
392,2.72
393,2.70
394,2.69
395,2.68
396,2.72
397,2.68
398,2.71
399,2.70
400,2.68
401,2.68
402,2.70
403,2.70
404,2.71
405,2.69
406,2.69
407,2.69
408,3.08
409,2.93
410,2.95
411,2.94
412,3.03
413,2.97
414,3.45
415,3.35
416,4.15
417,2.90
418,2.99
419,2.95
420,2.98
421,3.40
422,3.20
423,2.98
424,2.93
425,3.05
426,3.07
427,2.89
428,2.82
429,2.90
430,3.10
431,3.17
432,2.91
433,2.77
434,2.70
435,2.68
436,2.69
437,2.64
438,2.65
439,2.72
440,2.68
441,2.90
442,6.89
443,5.52
444,4.25
445,4.22
446,4.60
447,3.83
448,3.49
449,3.31
450,3.28
451,3.32
452,3.40
453,3.43
454,3.62
455,3.99
456,2.88
457,3.05
458,2.88
459,2.98
460,2.82
461,2.63
462,2.60
463,2.56
464,2.56
465,2.55
466,2.54
467,2.53
468,2.55
469,2.56
470,2.58
471,2.56
472,2.55
473,2.56
474,2.56
475,2.55
476,2.56
477,2.55
478,2.55
479,2.55
480,2.56
481,2.54
482,2.75
483,2.63
484,3.16
485,3.04
486,3.03
487,2.92
488,2.72
489,2.70
490,2.73
491,2.60
492,2.57
493,2.55
494,2.56
495,2.55
496,2.56
497,2.56
498,2.55
499,2.55
500,2.56
