1,1,0.094
1,101,9.653
1,201,9.634
1,301,9.637
1,401,9.635
1,501,9.633
1,601,9.631
1,701,9.635
1,801,9.636
1,901,9.636
1,1001,9.634
1,1101,9.635
2,1,0.097
2,101,9.634
2,201,9.632
2,301,9.631
2,401,9.633
2,501,9.631
2,601,9.634
2,701,9.634
2,801,9.633
2,901,9.630
2,1001,9.637
2,1101,9.634
3,1,0.097
3,101,9.631
3,201,9.632
3,301,9.632
3,401,9.628
3,501,9.633
3,601,9.635
3,701,9.630
3,801,9.633
3,901,9.629
3,1001,9.633
3,1101,9.634
4,1,0.097
4,101,9.631
4,201,9.632
4,301,9.630
4,401,9.633
4,501,9.627
4,601,9.631
4,701,9.631
4,801,9.635
4,901,9.632
4,1001,9.629
4,1101,9.629
5,1,0.097
5,101,9.630
5,201,9.628
5,301,9.630
5,401,9.630
5,501,9.633
5,601,9.627
5,701,9.628
5,801,9.624
5,901,9.632
5,1001,9.631
5,1101,9.629
6,1,0.096
6,101,9.627
6,201,9.625
6,301,9.626
6,401,9.631
6,501,9.628
6,601,9.624
6,701,9.631
6,801,9.628
6,901,9.625
6,1001,9.631
6,1101,9.627
7,1,0.096
7,101,9.626
7,201,9.624
7,301,9.621
7,401,9.626
7,501,9.618
7,601,9.628
7,701,9.624
7,801,9.627
7,901,9.625
7,1001,9.624
7,1101,9.624
8,1,0.096
8,101,9.616
8,201,9.623
8,301,9.615
8,401,9.621
8,501,9.616
8,601,9.619
8,701,9.618
8,801,9.623
8,901,9.622
8,1001,9.616
8,1101,9.626
9,1,0.095
9,101,9.610
9,201,9.596
9,301,9.613
9,401,9.615
9,501,9.602
9,601,9.610
9,701,9.611
9,801,9.615
9,901,9.601
9,1001,9.622
9,1101,9.617
10,1,0.096
10,101,9.599
10,201,9.604
10,301,9.577
10,401,9.601
10,501,9.586
10,601,9.601
10,701,9.604
10,801,9.596
10,901,9.605
10,1001,9.610
10,1101,9.601
11,1,0.096
11,101,9.575
11,201,9.588
11,301,9.568
11,401,9.576
11,501,9.583
11,601,9.584
11,701,9.602
11,801,9.584
11,901,9.569
11,1001,9.562
11,1101,9.587
12,1,0.097
12,101,9.546
12,201,9.531
12,301,9.558
12,401,9.553
12,501,9.584
12,601,9.558
12,701,9.553
12,801,9.558
12,901,9.539
12,1001,9.554
12,1101,9.538
13,1,0.096
13,101,9.543
13,201,9.496
13,301,9.493
13,401,9.520
13,501,9.507
13,601,9.523
13,701,9.526
13,801,9.530
13,901,9.532
13,1001,9.519
13,1101,9.515
14,1,0.093
14,101,9.496
14,201,9.460
14,301,9.456
14,401,9.488
14,501,9.476
14,601,9.485
14,701,9.503
14,801,9.491
14,901,9.465
14,1001,9.471
14,1101,9.503
15,1,0.093
15,101,9.434
15,201,9.410
15,301,9.437
15,401,9.461
15,501,9.408
15,601,9.475
15,701,9.450
15,801,9.447
15,901,9.463
15,1001,9.441
15,1101,9.470
16,1,0.092
16,101,9.387
16,201,9.398
16,301,9.373
16,401,9.391
16,501,9.392
16,601,9.410
16,701,9.409
16,801,9.423
16,901,9.429
16,1001,9.469
16,1101,9.441
17,1,0.096
17,101,9.368
17,201,9.339
17,301,9.325
17,401,9.341
17,501,9.388
17,601,9.365
17,701,9.389
17,801,9.451
17,901,9.401
17,1001,9.416
17,1101,9.375
18,1,0.095
18,101,9.311
18,201,9.334
18,301,9.365
18,401,9.294
18,501,9.322
18,601,9.356
18,701,9.343
18,801,9.354
18,901,9.408
18,1001,9.352
18,1101,9.353
19,1,0.092
19,101,9.252
19,201,9.292
19,301,9.305
19,401,9.288
19,501,9.278
19,601,9.284
19,701,9.297
19,801,9.318
19,901,9.379
19,1001,9.362
19,1101,9.371
20,1,0.091
20,101,9.233
20,201,9.206
20,301,9.245
20,401,9.241
20,501,9.256
20,601,9.324
20,701,9.268
20,801,9.307
20,901,9.279
20,1001,9.297
20,1101,9.326
21,1,0.093
21,101,9.185
21,201,9.153
21,301,9.200
21,401,9.260
21,501,9.245
21,601,9.244
21,701,9.231
21,801,9.217
21,901,9.302
21,1001,9.235
21,1101,9.267
22,1,0.094
22,101,9.096
22,201,9.127
22,301,9.121
22,401,9.230
22,501,9.172
22,601,9.195
22,701,9.171
22,801,9.269
22,901,9.150
22,1001,9.223
22,1101,9.231
23,1,0.089
23,101,9.026
23,201,9.079
23,301,9.062
23,401,9.145
23,501,9.121
23,601,9.147
23,701,9.203
23,801,9.144
23,901,9.170
23,1001,9.249
23,1101,9.147
24,1,0.090
24,101,8.933
24,201,9.067
24,301,9.055
24,401,9.071
24,501,9.058
24,601,9.126
24,701,9.171
24,801,9.052
24,901,9.107
24,1001,9.163
24,1101,9.111
25,1,0.092
25,101,8.964
25,201,8.952
25,301,9.085
25,401,9.072
25,501,8.993
25,601,9.048
25,701,9.009
25,801,9.053
25,901,9.084
25,1001,9.120
25,1101,9.050
26,1,0.088
26,101,8.867
26,201,8.933
26,301,8.931
26,401,8.974
26,501,8.993
26,601,9.002
26,701,9.022
26,801,9.001
26,901,9.050
26,1001,9.063
26,1101,9.043
27,1,0.092
27,101,8.864
27,201,8.858
27,301,8.848
27,401,8.908
27,501,8.937
27,601,8.972
27,701,8.973
27,801,8.981
27,901,8.975
27,1001,9.062
27,1101,9.006
28,1,0.081
28,101,8.806
28,201,8.823
28,301,8.826
28,401,8.872
28,501,8.912
28,601,8.918
28,701,8.934
28,801,8.932
28,901,8.972
28,1001,8.945
28,1101,8.948
29,1,0.090
29,101,8.714
29,201,8.786
29,301,8.774
29,401,8.873
29,501,8.849
29,601,8.824
29,701,8.876
29,801,8.897
29,901,8.931
29,1001,8.925
29,1101,8.930
30,1,0.091
30,101,8.673
30,201,8.761
30,301,8.732
30,401,8.833
30,501,8.706
30,601,8.838
30,701,8.831
30,801,8.849
30,901,8.897
30,1001,8.898
30,1101,8.863
31,1,0.080
31,101,8.620
31,201,8.696
31,301,8.726
31,401,8.697
31,501,8.749
31,601,8.780
31,701,8.827
31,801,8.844
31,901,8.787
31,1001,8.805
31,1101,8.826
32,1,0.092
32,101,8.595
32,201,8.552
32,301,8.630
32,401,8.647
32,501,8.701
32,601,8.739
32,701,8.775
32,801,8.808
32,901,8.801
32,1001,8.854
32,1101,8.751
33,1,0.081
33,101,8.548
33,201,8.554
33,301,8.611
33,401,8.601
33,501,8.688
33,601,8.647
33,701,8.714
33,801,8.736
33,901,8.726
33,1001,8.704
33,1101,8.781
34,1,0.075
34,101,8.510
34,201,8.575
34,301,8.571
34,401,8.619
34,501,8.565
34,601,8.617
34,701,8.659
34,801,8.667
34,901,8.773
34,1001,8.637
34,1101,8.649
35,1,0.074
35,101,8.447
35,201,8.464
35,301,8.557
35,401,8.514
35,501,8.522
35,601,8.618
35,701,8.566
35,801,8.569
35,901,8.685
35,1001,8.653
35,1101,8.697
36,1,0.086
36,101,8.339
36,201,8.402
36,301,8.428
36,401,8.514
36,501,8.503
36,601,8.577
36,701,8.541
36,801,8.596
36,901,8.633
36,1001,8.626
36,1101,8.577
37,1,0.086
37,101,8.323
37,201,8.392
37,301,8.386
37,401,8.381
37,501,8.454
37,601,8.417
37,701,8.477
37,801,8.561
37,901,8.560
37,1001,8.575
37,1101,8.602
38,1,0.079
38,101,8.354
38,201,8.299
38,301,8.380
38,401,8.326
38,501,8.376
38,601,8.387
38,701,8.536
38,801,8.449
38,901,8.531
38,1001,8.462
38,1101,8.496
39,1,0.083
39,101,8.145
39,201,8.299
39,301,8.359
39,401,8.282
39,501,8.309
39,601,8.403
39,701,8.374
39,801,8.411
39,901,8.456
39,1001,8.401
39,1101,8.501
40,1,0.083
40,101,8.200
40,201,8.218
40,301,8.169
40,401,8.214
40,501,8.296
40,601,8.413
40,701,8.417
40,801,8.372
40,901,8.331
40,1001,8.433
40,1101,8.404
41,1,0.090
41,101,8.023
41,201,8.061
41,301,8.263
41,401,8.210
41,501,8.258
41,601,8.295
41,701,8.264
41,801,8.327
41,901,8.317
41,1001,8.397
41,1101,8.354
42,1,0.082
42,101,8.042
42,201,8.018
42,301,8.064
42,401,8.148
42,501,8.143
42,601,8.114
42,701,8.230
42,801,8.290
42,901,8.294
42,1001,8.288
42,1101,8.285
43,1,0.078
43,101,7.867
43,201,8.027
43,301,8.035
43,401,8.060
43,501,7.974
43,601,8.120
43,701,8.160
43,801,8.260
43,901,8.256
43,1001,8.306
43,1101,8.232
44,1,0.077
44,101,7.790
44,201,7.926
44,301,7.997
44,401,7.891
44,501,8.033
44,601,8.092
44,701,8.108
44,801,8.128
44,901,8.119
44,1001,8.161
44,1101,8.116
45,1,0.070
45,101,7.751
45,201,7.745
45,301,7.878
45,401,7.915
45,501,7.943
45,601,7.994
45,701,7.944
45,801,8.145
45,901,7.999
45,1001,8.068
45,1101,8.044
46,1,0.081
46,101,7.614
46,201,7.636
46,301,7.896
46,401,7.858
46,501,7.898
46,601,7.998
46,701,7.882
46,801,7.999
46,901,7.903
46,1001,7.979
46,1101,7.920
47,1,0.068
47,101,7.514
47,201,7.698
47,301,7.667
47,401,7.648
47,501,7.690
47,601,7.815
47,701,7.779
47,801,7.892
47,901,7.931
47,1001,7.855
47,1101,7.909
48,1,0.076
48,101,7.355
48,201,7.495
48,301,7.572
48,401,7.683
48,501,7.629
48,601,7.687
48,701,7.741
48,801,7.701
48,901,7.812
48,1001,7.710
48,1101,7.835
49,1,0.076
49,101,7.380
49,201,7.432
49,301,7.493
49,401,7.446
49,501,7.567
49,601,7.549
49,701,7.577
49,801,7.544
49,901,7.723
49,1001,7.668
49,1101,7.708
50,1,0.074
50,101,7.185
50,201,7.243
50,301,7.272
50,401,7.359
50,501,7.463
50,601,7.522
50,701,7.525
50,801,7.424
50,901,7.571
50,1001,7.593
50,1101,7.670
51,1,0.071
51,101,7.023
51,201,7.051
51,301,7.194
51,401,7.318
51,501,7.262
51,601,7.365
51,701,7.345
51,801,7.489
51,901,7.452
51,1001,7.456
51,1101,7.506
52,1,0.072
52,101,6.871
52,201,6.983
52,301,7.055
52,401,7.087
52,501,7.110
52,601,7.439
52,701,7.342
52,801,7.278
52,901,7.366
52,1001,7.451
52,1101,7.397
53,1,0.063
53,101,6.714
53,201,6.973
53,301,7.012
53,401,7.053
53,501,7.137
53,601,7.162
53,701,7.132
53,801,7.170
53,901,7.312
53,1001,7.336
53,1101,7.340
54,1,0.066
54,101,6.608
54,201,6.786
54,301,6.912
54,401,6.993
54,501,7.040
54,601,7.012
54,701,7.117
54,801,7.133
54,901,7.101
54,1001,7.129
54,1101,7.190
55,1,0.054
55,101,6.674
55,201,6.852
55,301,6.927
55,401,6.753
55,501,6.989
55,601,6.957
55,701,7.024
55,801,6.942
55,901,7.011
55,1001,7.068
55,1101,7.170
56,1,0.060
56,101,6.538
56,201,6.629
56,301,6.668
56,401,6.724
56,501,6.857
56,601,6.853
56,701,6.916
56,801,6.896
56,901,6.943
56,1001,7.006
56,1101,7.104
57,1,0.058
57,101,6.357
57,201,6.512
57,301,6.645
57,401,6.602
57,501,6.804
57,601,6.774
57,701,6.649
57,801,6.808
57,901,6.980
57,1001,6.846
57,1101,6.853
58,1,0.054
58,101,6.273
58,201,6.400
58,301,6.611
58,401,6.717
58,501,6.654
58,601,6.510
58,701,6.680
58,801,6.751
58,901,6.850
58,1001,6.835
58,1101,6.731
59,1,0.060
59,101,6.173
59,201,6.402
59,301,6.404
59,401,6.424
59,501,6.473
59,601,6.566
59,701,6.588
59,801,6.647
59,901,6.795
59,1001,6.691
59,1101,6.721
60,1,0.047
60,101,5.915
60,201,6.181
60,301,6.209
60,401,6.347
60,501,6.496
60,601,6.529
60,701,6.464
60,801,6.726
60,901,6.604
60,1001,6.560
60,1101,6.780
61,1,0.052
61,101,5.982
61,201,6.293
61,301,6.286
61,401,6.360
61,501,6.193
61,601,6.401
61,701,6.353
61,801,6.667
61,901,6.582
61,1001,6.589
61,1101,6.426
62,1,0.048
62,101,5.716
62,201,5.986
62,301,6.207
62,401,6.249
62,501,6.217
62,601,6.207
62,701,6.379
62,801,6.212
62,901,6.380
62,1001,6.456
62,1101,6.438
63,1,0.050
63,101,5.743
63,201,5.861
63,301,6.037
63,401,5.983
63,501,6.254
63,601,6.298
63,701,6.264
63,801,6.295
63,901,6.588
63,1001,6.362
63,1101,6.499
64,1,0.040
64,101,5.728
64,201,5.757
64,301,5.897
64,401,5.893
64,501,6.078
64,601,6.268
64,701,6.077
64,801,6.203
64,901,6.054
64,1001,6.375
64,1101,6.246
65,1,0.051
65,101,5.458
65,201,5.684
65,301,5.864
65,401,5.871
65,501,5.993
65,601,5.984
65,701,5.924
65,801,5.841
65,901,5.978
65,1001,6.021
65,1101,6.012
66,1,0.058
66,101,5.529
66,201,5.691
66,301,5.796
66,401,5.678
66,501,6.336
66,601,5.743
66,701,5.875
66,801,5.992
66,901,6.009
66,1001,6.099
66,1101,6.086
67,1,0.053
67,101,5.253
67,201,5.532
67,301,5.473
67,401,5.557
67,501,5.652
67,601,5.683
67,701,5.822
67,801,5.985
67,901,5.929
67,1001,5.875
67,1101,6.083
68,1,0.046
68,101,5.158
68,201,5.489
68,301,5.328
68,401,5.518
68,501,5.602
68,601,5.677
68,701,5.536
68,801,5.847
68,901,5.739
68,1001,5.804
68,1101,5.931
69,1,0.052
69,101,4.960
69,201,5.275
69,301,5.512
69,401,5.310
69,501,5.600
69,601,5.506
69,701,5.617
69,801,5.887
69,901,5.553
69,1001,5.709
69,1101,5.628
70,1,0.052
70,101,5.013
70,201,5.499
70,301,5.389
70,401,5.318
70,501,5.687
70,601,5.548
70,701,5.409
70,801,5.723
70,901,5.482
70,1001,5.536
70,1101,5.617
71,1,0.038
71,101,4.746
71,201,4.945
71,301,5.333
71,401,5.347
71,501,5.321
71,601,5.373
71,701,5.433
71,801,5.405
71,901,5.700
71,1001,5.416
71,1101,5.578
72,1,0.042
72,101,4.915
72,201,4.905
72,301,4.943
72,401,5.268
72,501,5.479
72,601,5.217
72,701,5.345
72,801,5.266
72,901,5.110
72,1001,5.205
72,1101,5.491
73,1,0.047
73,101,4.603
73,201,4.764
73,301,4.950
73,401,4.892
73,501,5.307
73,601,5.241
73,701,5.258
73,801,5.370
73,901,5.351
73,1001,5.216
73,1101,5.333
74,1,0.043
74,101,4.345
74,201,4.719
74,301,5.023
74,401,5.005
74,501,4.989
74,601,5.103
74,701,5.176
74,801,5.098
74,901,5.103
74,1001,5.296
74,1101,5.275
75,1,0.040
75,101,4.395
75,201,4.852
75,301,4.920
75,401,4.874
75,501,4.935
75,601,5.120
75,701,5.006
75,801,4.975
75,901,4.987
75,1001,5.073
75,1101,4.952
76,1,0.046
76,101,4.417
76,201,4.431
76,301,4.689
76,401,4.687
76,501,4.747
76,601,4.795
76,701,4.888
76,801,4.725
76,901,5.227
76,1001,4.878
76,1101,4.975
77,1,0.041
77,101,4.508
77,201,4.405
77,301,4.549
77,401,4.669
77,501,4.657
77,601,4.679
77,701,4.737
77,801,4.902
77,901,5.304
77,1001,5.085
77,1101,4.941
78,1,0.034
78,101,4.268
78,201,4.465
78,301,4.589
78,401,4.744
78,501,4.533
78,601,4.751
78,701,4.998
78,801,4.752
78,901,4.969
78,1001,4.821
78,1101,4.851
79,1,0.041
79,101,3.988
79,201,4.505
79,301,4.339
79,401,4.547
79,501,4.686
79,601,4.479
79,701,4.672
79,801,4.662
79,901,4.715
79,1001,4.649
79,1101,4.779
80,1,0.029
80,101,3.860
80,201,4.333
80,301,4.202
80,401,4.413
80,501,4.368
80,601,4.566
80,701,4.585
80,801,4.792
80,901,4.470
80,1001,4.704
80,1101,4.611
81,1,0.022
81,101,4.229
81,201,4.178
81,301,4.162
81,401,4.227
81,501,4.349
81,601,4.303
81,701,4.377
81,801,4.905
81,901,4.276
81,1001,4.733
81,1101,4.477
82,1,0.023
82,101,3.679
82,201,4.308
82,301,4.168
82,401,4.209
82,501,4.446
82,601,4.254
82,701,4.394
82,801,4.381
82,901,4.510
82,1001,4.337
82,1101,4.398
83,1,0.045
83,101,3.544
83,201,3.754
83,301,4.266
83,401,4.097
83,501,4.023
83,601,4.269
83,701,4.224
83,801,4.351
83,901,4.472
83,1001,4.310
83,1101,4.350
84,1,0.054
84,101,3.464
84,201,4.153
84,301,3.913
84,401,4.065
84,501,3.959
84,601,4.482
84,701,4.141
84,801,4.204
84,901,4.517
84,1001,4.077
84,1101,4.282
85,1,0.023
85,101,3.620
85,201,3.665
85,301,4.015
85,401,3.955
85,501,4.027
85,601,4.267
85,701,4.285
85,801,4.078
85,901,3.935
85,1001,4.239
85,1101,4.247
86,1,0.040
86,101,3.374
86,201,3.789
86,301,3.782
86,401,3.894
86,501,3.936
86,601,4.191
86,701,3.811
86,801,3.795
86,901,4.299
86,1001,4.329
86,1101,4.037
87,1,0.035
87,101,3.564
87,201,3.524
87,301,3.684
87,401,3.698
87,501,3.863
87,601,3.965
87,701,3.897
87,801,3.947
87,901,4.046
87,1001,4.052
87,1101,4.105
88,1,0.046
88,101,3.428
88,201,3.454
88,301,3.730
88,401,3.883
88,501,3.648
88,601,3.677
88,701,3.539
88,801,3.868
88,901,3.986
88,1001,3.817
88,1101,3.897
89,1,0.017
89,101,3.245
89,201,3.469
89,301,3.695
89,401,3.464
89,501,3.551
89,601,3.509
89,701,3.580
89,801,3.768
89,901,3.688
89,1001,3.963
89,1101,3.951
90,1,0.037
90,101,3.530
90,201,3.717
90,301,3.488
90,401,3.698
90,501,3.749
90,601,3.616
90,701,3.482
90,801,3.733
90,901,3.766
90,1001,3.912
90,1101,3.683
91,1,0.042
91,101,3.383
91,201,3.164
91,301,3.190
91,401,3.717
91,501,3.619
91,601,3.503
91,701,3.830
91,801,3.869
91,901,4.011
91,1001,3.792
91,1101,3.682
92,1,0.040
92,101,3.456
92,201,3.349
92,301,3.251
92,401,3.321
92,501,3.620
92,601,3.485
92,701,3.619
92,801,3.506
92,901,3.297
92,1001,3.532
92,1101,3.970
93,1,0.026
93,101,2.971
93,201,3.169
93,301,3.645
93,401,3.461
93,501,3.508
93,601,3.303
93,701,3.547
93,801,3.664
93,901,3.595
93,1001,3.668
93,1101,3.691
94,1,0.038
94,101,3.071
94,201,3.110
94,301,3.316
94,401,3.310
94,501,3.011
94,601,3.364
94,701,3.405
94,801,3.619
94,901,3.493
94,1001,3.648
94,1101,3.736
95,1,0.035
95,101,3.215
95,201,3.248
95,301,3.414
95,401,3.265
95,501,3.408
95,601,3.568
95,701,3.406
95,801,3.333
95,901,3.275
95,1001,3.477
95,1101,3.699
96,1,0.041
96,101,2.858
96,201,2.969
96,301,3.041
96,401,3.146
96,501,3.263
96,601,3.340
96,701,3.390
96,801,3.244
96,901,3.485
96,1001,3.385
96,1101,3.314
97,1,0.022
97,101,2.674
97,201,3.044
97,301,2.995
97,401,3.223
97,501,3.101
97,601,3.387
97,701,3.474
97,801,3.215
97,901,3.459
97,1001,3.275
97,1101,3.503
98,1,0.016
98,101,2.805
98,201,2.965
98,301,3.054
98,401,3.080
98,501,3.319
98,601,3.254
98,701,3.128
98,801,3.189
98,901,3.083
98,1001,3.416
98,1101,3.321
99,1,0.007
99,101,2.553
99,201,3.028
99,301,3.035
99,401,3.300
99,501,3.105
99,601,3.364
99,701,3.054
99,801,3.320
99,901,3.099
99,1001,3.208
99,1101,3.319
100,1,0.015
100,101,2.696
100,201,2.802
100,301,2.917
100,401,2.953
100,501,2.841
100,601,3.042
100,701,3.597
100,801,3.048
100,901,3.424
100,1001,3.094
100,1101,3.144
101,1,0.022
101,101,2.719
101,201,2.677
101,301,2.753
101,401,2.877
101,501,2.875
101,601,2.746
101,701,2.964
101,801,2.989
101,901,3.409
101,1001,3.100
101,1101,3.306
102,1,0.020
102,101,2.633
102,201,2.587
102,301,2.597
102,401,2.801
102,501,3.060
102,601,2.995
102,701,2.985
102,801,3.083
102,901,3.010
102,1001,3.270
102,1101,3.210
103,1,0.028
103,101,2.729
103,201,2.854
103,301,2.710
103,401,2.908
103,501,2.859
103,601,2.819
103,701,3.239
103,801,3.102
103,901,3.009
103,1001,3.367
103,1101,2.944
104,1,0.033
104,101,2.221
104,201,2.670
104,301,2.499
104,401,2.861
104,501,2.864
104,601,2.697
104,701,2.967
104,801,2.821
104,901,2.706
104,1001,3.187
104,1101,3.030
105,1,0.018
105,101,2.243
105,201,2.397
105,301,2.584
105,401,2.504
105,501,2.589
105,601,2.787
105,701,3.019
105,801,2.863
105,901,2.779
105,1001,2.731
105,1101,3.062
106,1,0.048
106,101,2.329
106,201,2.295
106,301,2.609
106,401,2.628
106,501,2.735
106,601,2.632
106,701,2.662
106,801,2.783
106,901,2.935
106,1001,2.910
106,1101,2.837
107,1,0.024
107,101,2.394
107,201,2.671
107,301,2.468
107,401,2.450
107,501,2.587
107,601,2.535
107,701,2.611
107,801,2.692
107,901,2.698
107,1001,2.789
107,1101,2.857
108,1,0.027
108,101,2.094
108,201,2.375
108,301,2.522
108,401,2.630
108,501,2.810
108,601,2.791
108,701,2.564
108,801,2.736
108,901,2.718
108,1001,2.568
108,1101,2.797
109,1,0.028
109,101,2.167
109,201,2.586
109,301,2.399
109,401,2.810
109,501,2.568
109,601,2.600
109,701,2.414
109,801,2.576
109,901,2.725
109,1001,2.866
109,1101,3.003
110,1,0.028
110,101,2.190
110,201,2.351
110,301,2.189
110,401,2.539
110,501,2.530
110,601,2.547
110,701,2.631
110,801,2.472
110,901,2.822
110,1001,2.533
110,1101,2.830
111,1,0.006
111,101,2.048
111,201,2.174
111,301,2.408
111,401,2.213
111,501,2.506
111,601,2.732
111,701,2.435
111,801,2.541
111,901,2.471
111,1001,2.605
111,1101,2.861
112,1,0.012
112,101,2.211
112,201,2.055
112,301,2.614
112,401,2.210
112,501,2.450
112,601,2.267
112,701,2.441
112,801,2.475
112,901,2.576
112,1001,2.513
112,1101,2.886
113,1,0.023
113,101,2.103
113,201,2.170
113,301,2.149
113,401,2.267
113,501,2.543
113,601,2.353
113,701,2.256
113,801,2.535
113,901,2.513
113,1001,2.322
113,1101,2.627
114,1,0.003
114,101,1.987
114,201,2.185
114,301,2.602
114,401,2.335
114,501,2.223
114,601,2.145
114,701,2.437
114,801,2.530
114,901,2.439
114,1001,2.540
114,1101,2.544
115,1,0.002
115,101,2.099
115,201,2.016
115,301,2.218
115,401,2.144
115,501,2.012
115,601,2.366
115,701,2.498
115,801,2.386
115,901,2.520
115,1001,2.454
115,1101,2.486
116,1,0.013
116,101,1.987
116,201,2.169
116,301,2.050
116,401,2.148
116,501,2.185
116,601,2.667
116,701,2.448
116,801,2.856
116,901,2.686
116,1001,2.599
116,1101,2.747
117,1,0.030
117,101,2.220
117,201,2.232
117,301,2.142
117,401,2.209
117,501,2.494
117,601,2.746
117,701,2.259
117,801,2.222
117,901,2.559
117,1001,2.310
117,1101,2.645
118,1,0.024
118,101,2.153
118,201,2.291
118,301,2.237
118,401,2.155
118,501,2.375
118,601,2.481
118,701,2.158
118,801,2.379
118,901,2.386
118,1001,2.364
118,1101,2.566
119,1,0.027
119,101,1.909
119,201,2.166
119,301,2.202
119,401,2.386
119,501,2.339
119,601,2.422
119,701,2.345
119,801,2.231
119,901,2.236
119,1001,2.201
119,1101,2.606
120,1,0.008
120,101,2.001
120,201,2.022
120,301,2.068
120,401,2.082
120,501,2.531
120,601,2.198
120,701,2.302
120,801,2.286
120,901,2.201
120,1001,2.339
120,1101,2.334
121,1,0.011
121,101,1.920
121,201,2.132
121,301,2.031
121,401,2.201
121,501,1.951
121,601,2.093
121,701,2.369
121,801,1.852
121,901,2.156
121,1001,2.321
121,1101,2.123
122,1,0.028
122,101,2.047
122,201,2.221
122,301,2.316
122,401,2.269
122,501,2.230
122,601,2.446
122,701,2.090
122,801,2.413
122,901,2.345
122,1001,2.287
122,1101,2.305
123,1,0.018
123,101,1.773
123,201,1.852
123,301,1.994
123,401,2.162
123,501,1.948
123,601,2.164
123,701,2.321
123,801,2.100
123,901,2.188
123,1001,2.030
123,1101,2.300
124,1,0.011
124,101,1.872
124,201,1.911
124,301,2.079
124,401,2.011
124,501,2.010
124,601,2.219
124,701,2.181
124,801,2.190
124,901,2.077
124,1001,2.100
124,1101,2.114
125,1,0.014
125,101,1.711
125,201,1.915
125,301,1.965
125,401,2.014
125,501,1.857
125,601,2.108
125,701,2.130
125,801,2.044
125,901,2.173
125,1001,2.113
125,1101,2.129
126,1,0.044
126,101,1.694
126,201,1.927
126,301,1.788
126,401,1.857
126,501,1.917
126,601,1.967
126,701,2.080
126,801,2.106
126,901,2.221
126,1001,2.060
126,1101,2.306
127,1,0.017
127,101,1.744
127,201,1.970
127,301,1.796
127,401,2.079
127,501,1.903
127,601,2.094
127,701,2.050
127,801,1.928
127,901,2.033
127,1001,1.984
127,1101,2.298
128,1,0.028
128,101,1.686
128,201,1.881
128,301,1.944
128,401,2.017
128,501,1.836
128,601,1.974
128,701,1.991
128,801,1.979
128,901,1.936
128,1001,1.995
128,1101,1.943
129,1,0.006
129,101,1.671
129,201,1.652
129,301,1.800
129,401,2.084
129,501,1.819
129,601,1.832
129,701,1.852
129,801,2.332
129,901,2.235
129,1001,1.990
129,1101,2.157
130,1,0.019
130,101,1.416
130,201,1.737
130,301,1.835
130,401,1.897
130,501,1.860
130,601,1.901
130,701,1.969
130,801,1.817
130,901,1.845
130,1001,2.110
130,1101,2.109
131,1,0.005
131,101,1.815
131,201,2.063
131,301,1.631
131,401,1.942
131,501,1.962
131,601,1.916
131,701,1.745
131,801,1.863
131,901,2.086
131,1001,2.252
131,1101,2.213
132,1,0.044
132,101,1.637
132,201,1.767
132,301,2.002
132,401,1.881
132,501,1.970
132,601,1.920
132,701,1.930
132,801,1.839
132,901,2.008
132,1001,1.962
132,1101,2.003
133,1,0.017
133,101,1.737
133,201,1.650
133,301,1.645
133,401,1.685
133,501,1.912
133,601,1.846
133,701,1.943
133,801,1.843
133,901,1.742
133,1001,2.342
133,1101,1.839
134,1,0.012
134,101,1.597
134,201,1.724
134,301,1.668
134,401,1.550
134,501,1.794
134,601,2.013
134,701,1.996
134,801,1.812
134,901,1.984
134,1001,1.876
134,1101,2.097
135,1,0.044
135,101,1.565
135,201,1.478
135,301,1.751
135,401,1.915
135,501,1.809
135,601,1.864
135,701,1.613
135,801,1.795
135,901,1.960
135,1001,1.754
135,1101,2.147
136,1,0.010
136,101,1.558
136,201,1.577
136,301,1.471
136,401,2.066
136,501,1.858
136,601,1.681
136,701,1.710
136,801,1.849
136,901,1.996
136,1001,2.117
136,1101,2.030
137,1,0.006
137,101,1.516
137,201,1.426
137,301,1.704
137,401,1.682
137,501,1.849
137,601,1.737
137,701,1.613
137,801,1.859
137,901,1.979
137,1001,1.598
137,1101,1.943
138,1,0.016
138,101,1.322
138,201,1.716
138,301,1.683
138,401,1.702
138,501,1.777
138,601,1.800
138,701,1.652
138,801,1.648
138,901,1.700
138,1001,1.915
138,1101,1.677
139,1,0.011
139,101,1.449
139,201,1.478
139,301,1.770
139,401,1.564
139,501,1.710
139,601,1.815
139,701,1.678
139,801,1.618
139,901,1.945
139,1001,1.876
139,1101,1.729
140,1,0.017
140,101,1.339
140,201,1.388
140,301,1.529
140,401,1.447
140,501,1.551
140,601,1.473
140,701,1.570
140,801,1.783
140,901,1.487
140,1001,1.861
140,1101,1.770
141,1,0.018
141,101,1.524
141,201,1.515
141,301,1.668
141,401,1.543
141,501,1.582
141,601,1.665
141,701,1.515
141,801,1.589
141,901,1.875
141,1001,1.574
141,1101,1.971
142,1,0.016
142,101,1.310
142,201,1.390
142,301,1.551
142,401,1.432
142,501,1.451
142,601,1.522
142,701,1.476
142,801,1.607
142,901,1.770
142,1001,1.722
142,1101,1.913
143,1,0.009
143,101,1.411
143,201,1.378
143,301,1.544
143,401,1.512
143,501,1.477
143,601,1.481
143,701,1.671
143,801,1.857
143,901,1.806
143,1001,1.818
143,1101,1.545
144,1,0.006
144,101,1.264
144,201,1.498
144,301,1.623
144,401,1.633
144,501,1.401
144,601,1.640
144,701,1.937
144,801,1.509
144,901,1.799
144,1001,1.604
144,1101,1.714
145,1,0.010
145,101,1.209
145,201,1.540
145,301,1.433
145,401,1.506
145,501,1.628
145,601,1.546
145,701,1.541
145,801,1.662
145,901,1.731
145,1001,1.878
145,1101,1.863
146,1,0.013
146,101,1.385
146,201,1.718
146,301,1.417
146,401,1.490
146,501,1.480
146,601,1.589
146,701,1.665
146,801,1.561
146,901,1.776
146,1001,1.719
146,1101,1.835
147,1,0.008
147,101,1.547
147,201,1.674
147,301,1.560
147,401,1.427
147,501,1.554
147,601,1.742
147,701,1.667
147,801,1.683
147,901,1.703
147,1001,1.984
147,1101,2.041
148,1,0.013
148,101,1.473
148,201,1.455
148,301,1.554
148,401,1.766
148,501,1.686
148,601,1.585
148,701,1.486
148,801,1.535
148,901,1.486
148,1001,1.585
148,1101,2.148
149,1,0.010
149,101,1.293
149,201,1.447
149,301,1.308
149,401,1.440
149,501,1.292
149,601,1.403
149,701,1.684
149,801,1.689
149,901,1.522
149,1001,1.712
149,1101,1.673
150,1,0.007
150,101,1.123
150,201,1.637
150,301,1.444
150,401,1.333
150,501,1.385
150,601,1.608
150,701,1.350
150,801,1.617
150,901,1.626
150,1001,1.544
150,1101,1.508
151,1,0.016
151,101,1.204
151,201,1.191
151,301,1.247
151,401,1.485
151,501,1.331
151,601,1.585
151,701,1.445
151,801,1.524
151,901,1.493
151,1001,1.755
151,1101,1.628
152,1,0.004
152,101,1.273
152,201,1.355
152,301,1.287
152,401,1.360
152,501,1.549
152,601,1.625
152,701,1.495
152,801,1.496
152,901,1.656
152,1001,1.553
152,1101,1.486
153,1,0.016
153,101,1.210
153,201,1.183
153,301,1.392
153,401,1.573
153,501,1.403
153,601,1.378
153,701,1.403
153,801,1.702
153,901,1.363
153,1001,1.523
153,1101,1.458
154,1,0.018
154,101,1.193
154,201,1.233
154,301,1.466
154,401,1.264
154,501,1.282
154,601,1.529
154,701,1.486
154,801,1.568
154,901,1.433
154,1001,1.543
154,1101,1.512
155,1,0.011
155,101,1.086
155,201,1.041
155,301,1.191
155,401,1.365
155,501,1.190
155,601,1.539
155,701,1.434
155,801,1.382
155,901,1.661
155,1001,1.403
155,1101,1.625
156,1,0.024
156,101,1.175
156,201,1.217
156,301,1.390
156,401,1.352
156,501,1.535
156,601,1.520
156,701,1.650
156,801,1.369
156,901,1.520
156,1001,1.494
156,1101,1.629
157,1,0.009
157,101,1.194
157,201,1.274
157,301,1.319
157,401,1.281
157,501,1.202
157,601,1.319
157,701,1.641
157,801,1.497
157,901,1.633
157,1001,1.288
157,1101,1.529
158,1,0.017
158,101,1.197
158,201,1.131
158,301,1.366
158,401,1.466
158,501,1.400
158,601,1.191
158,701,1.432
158,801,1.604
158,901,1.317
158,1001,1.420
158,1101,1.433
159,1,0.011
159,101,1.263
159,201,1.160
159,301,1.214
159,401,1.224
159,501,1.103
159,601,1.330
159,701,1.168
159,801,1.318
159,901,1.370
159,1001,1.691
159,1101,1.288
160,1,0.015
160,101,1.141
160,201,1.211
160,301,1.259
160,401,1.435
160,501,1.438
160,601,1.344
160,701,1.401
160,801,1.299
160,901,1.305
160,1001,1.277
160,1101,1.460
161,1,0.009
161,101,0.944
161,201,1.223
161,301,1.209
161,401,1.330
161,501,1.162
161,601,1.222
161,701,1.252
161,801,1.294
161,901,1.332
161,1001,1.586
161,1101,1.370
162,1,0.007
162,101,1.123
162,201,1.158
162,301,1.263
162,401,1.364
162,501,1.291
162,601,1.298
162,701,1.160
162,801,1.297
162,901,1.214
162,1001,1.227
162,1101,1.689
163,1,0.007
163,101,1.064
163,201,1.280
163,301,1.204
163,401,1.202
163,501,1.212
163,601,1.107
163,701,1.314
163,801,1.245
163,901,1.342
163,1001,1.251
163,1101,1.382
164,1,0.013
164,101,0.985
164,201,1.146
164,301,1.218
164,401,1.117
164,501,1.207
164,601,1.265
164,701,1.157
164,801,1.251
164,901,1.342
164,1001,1.272
164,1101,1.301
165,1,0.005
165,101,0.965
165,201,1.089
165,301,1.130
165,401,1.099
165,501,1.333
165,601,1.166
165,701,1.244
165,801,1.245
165,901,1.312
165,1001,1.262
165,1101,1.439
166,1,0.002
166,101,1.162
166,201,1.038
166,301,1.225
166,401,1.190
166,501,1.156
166,601,1.266
166,701,0.995
166,801,1.360
166,901,1.421
166,1001,1.392
166,1101,1.399
167,1,0.010
167,101,1.036
167,201,1.079
167,301,1.102
167,401,1.182
167,501,1.361
167,601,1.296
167,701,1.482
167,801,1.196
167,901,1.410
167,1001,1.285
167,1101,1.499
168,1,0.007
168,101,1.109
168,201,1.100
168,301,1.104
168,401,1.136
168,501,1.297
168,601,1.149
168,701,1.290
168,801,1.265
168,901,1.114
168,1001,1.258
168,1101,1.297
169,1,0.002
169,101,2.285
169,201,1.295
169,301,1.388
169,401,1.494
169,501,1.379
169,601,1.321
169,701,1.287
169,801,1.392
169,901,1.451
169,1001,1.457
169,1101,1.452
170,1,0.012
170,101,1.100
170,201,1.064
170,301,1.101
170,401,1.168
170,501,1.091
170,601,1.473
170,701,1.323
170,801,1.172
170,901,1.412
170,1001,1.468
170,1101,1.437
171,1,0.004
171,101,0.981
171,201,1.082
171,301,1.145
171,401,1.677
171,501,1.276
171,601,1.257
171,701,1.299
171,801,1.298
171,901,1.340
171,1001,1.320
171,1101,1.520
172,1,0.018
172,101,1.005
172,201,1.042
172,301,1.115
172,401,1.587
172,501,1.266
172,601,1.259
172,701,1.200
172,801,1.277
172,901,1.274
172,1001,1.525
172,1101,1.369
